X1 lower, X1 upper, X3 lower, X3 upper, Result, Total Time, DNN Time, Num Branches, Num Flowpipes
-0.590000, -0.589750, -0.000000, 0.300000, SAFE, 43338.569495, 23392.763672, 2, 2036
-0.465000, -0.464750, -0.000000, 0.300000, SAFE, 41070.096675, 22883.644531, 1, 1750
-0.465500, -0.465250, -0.000000, 0.300000, SAFE, 41313.567793, 22921.285156, 1, 1750
-0.464250, -0.464000, -0.000000, 0.300000, SAFE, 41360.358919, 23002.558594, 1, 1750
-0.464750, -0.464500, -0.000000, 0.300000, SAFE, 41278.810035, 22915.011719, 1, 1750
-0.462250, -0.462000, -0.000000, 0.300000, SAFE, 41066.082090, 22820.011719, 1, 1750
-0.463500, -0.463250, -0.000000, 0.300000, SAFE, 41379.172807, 23044.203125, 1, 1750
-0.465750, -0.465500, -0.000000, 0.300000, SAFE, 41639.601133, 23046.906250, 1, 1750
-0.463250, -0.463000, -0.000000, 0.300000, SAFE, 41401.684978, 23308.916016, 1, 1750
-0.464000, -0.463750, -0.000000, 0.300000, SAFE, 41260.840032, 22991.927734, 1, 1750
-0.462750, -0.462500, -0.000000, 0.300000, SAFE, 41307.440253, 22904.230469, 1, 1750
-0.463750, -0.463500, -0.000000, 0.300000, SAFE, 41086.610776, 22802.984375, 1, 1750
-0.463000, -0.462750, -0.000000, 0.300000, SAFE, 41093.740301, 22791.785156, 1, 1750
-0.466000, -0.465750, -0.000000, 0.300000, SAFE, 41053.916350, 22918.353516, 1, 1750
-0.464500, -0.464250, -0.000000, 0.300000, SAFE, 41248.090018, 23057.562500, 1, 1750
-0.465250, -0.465000, -0.000000, 0.300000, SAFE, 41105.259596, 22843.644531, 1, 1750
-0.462500, -0.462250, -0.000000, 0.300000, SAFE, 41167.993582, 22922.390625, 1, 1750
-0.539250, -0.539000, -0.000000, 0.300000, SAFE, 36957.770333, 20087.742188, 1, 1788
-0.542250, -0.542000, -0.000000, 0.300000, SAFE, 36761.307024, 19923.105469, 1, 1788
-0.548000, -0.547750, -0.000000, 0.300000, SAFE, 37126.729135, 20107.501953, 1, 1807
-0.547000, -0.546750, -0.000000, 0.300000, SAFE, 37123.801206, 20081.898438, 1, 1807
-0.541250, -0.541000, -0.000000, 0.300000, SAFE, 36871.675797, 19942.408203, 1, 1788
-0.539750, -0.539500, -0.000000, 0.300000, SAFE, 37211.181806, 20007.994141, 1, 1788
-0.543250, -0.543000, -0.000000, 0.300000, SAFE, 36715.478368, 19893.042969, 1, 1788
-0.540000, -0.539750, -0.000000, 0.300000, SAFE, 36606.697002, 19714.929688, 1, 1788
-0.543750, -0.543500, -0.000000, 0.300000, SAFE, 36628.101381, 19821.839844, 1, 1788
-0.548500, -0.548250, -0.000000, 0.300000, SAFE, 37157.917842, 20115.986328, 1, 1807
-0.546250, -0.546000, -0.000000, 0.300000, SAFE, 37236.620993, 20154.089844, 2, 1808
-0.539500, -0.539250, -0.000000, 0.300000, SAFE, 36635.581349, 19810.984375, 1, 1788
-0.544750, -0.544500, -0.000000, 0.300000, SAFE, 36598.089025, 19784.908203, 1, 1788
-0.543500, -0.543250, -0.000000, 0.300000, SAFE, 36637.641394, 19838.773438, 1, 1788
-0.547250, -0.547000, -0.000000, 0.300000, SAFE, 37087.177709, 20143.783203, 1, 1807
-0.540750, -0.540500, -0.000000, 0.300000, SAFE, 36777.143784, 19862.699219, 1, 1788
-0.545000, -0.544750, -0.000000, 0.300000, SAFE, 36643.347084, 19826.833984, 1, 1788
-0.548750, -0.548500, -0.000000, 0.300000, SAFE, 37099.320721, 20100.203125, 1, 1807
-0.546500, -0.546250, -0.000000, 0.300000, SAFE, 37339.019726, 20254.685547, 1, 1807
-0.545500, -0.545250, -0.000000, 0.300000, SAFE, 36612.235219, 19799.349609, 1, 1788
-0.540500, -0.540250, -0.000000, 0.300000, SAFE, 36647.147071, 19786.857422, 1, 1788
-0.547500, -0.547250, -0.000000, 0.300000, SAFE, 36945.301058, 19983.703125, 1, 1807
-0.549000, -0.548750, -0.000000, 0.300000, SAFE, 37092.797790, 20013.943359, 1, 1807
-0.546750, -0.546500, -0.000000, 0.300000, SAFE, 37314.417120, 20057.292969, 1, 1807
-0.544000, -0.543750, -0.000000, 0.300000, SAFE, 36594.992106, 19799.474609, 1, 1788
-0.541750, -0.541500, -0.000000, 0.300000, SAFE, 36906.722831, 19801.298828, 1, 1788
-0.545250, -0.545000, -0.000000, 0.300000, SAFE, 36651.514577, 19796.513672, 1, 1788
-0.547750, -0.547500, -0.000000, 0.300000, SAFE, 37079.593665, 20022.146484, 1, 1807
-0.548250, -0.548000, -0.000000, 0.300000, SAFE, 37044.477502, 20015.367188, 1, 1807
-0.541500, -0.541250, -0.000000, 0.300000, SAFE, 36661.582262, 19768.914062, 1, 1788
-0.541000, -0.540750, -0.000000, 0.300000, SAFE, 37010.381607, 20036.792969, 1, 1788
-0.542750, -0.542500, -0.000000, 0.300000, SAFE, 36685.982458, 19841.230469, 1, 1788
-0.543000, -0.542750, -0.000000, 0.300000, SAFE, 36759.819692, 19940.619141, 1, 1788
-0.542500, -0.542250, -0.000000, 0.300000, SAFE, 36725.702139, 19862.121094, 1, 1788
-0.544250, -0.544000, -0.000000, 0.300000, SAFE, 36740.744679, 19902.923828, 1, 1788
-0.544500, -0.544250, -0.000000, 0.300000, SAFE, 36651.777324, 19851.851562, 1, 1788
-0.540250, -0.540000, -0.000000, 0.300000, SAFE, 36791.062187, 19896.519531, 1, 1788
-0.545750, -0.545500, -0.000000, 0.300000, SAFE, 36829.890137, 19959.695312, 1, 1788
-0.542000, -0.541750, -0.000000, 0.300000, SAFE, 36891.621159, 19873.417969, 1, 1788
-0.546000, -0.545750, -0.000000, 0.300000, SAFE, 37083.820495, 19986.156250, 2, 1808
-0.471250, -0.471000, -0.000000, 0.300000, SAFE, 41173.279071, 22716.757812, 1, 1750
-0.470250, -0.470000, -0.000000, 0.300000, SAFE, 41564.903896, 23136.367188, 1, 1750
-0.470500, -0.470250, -0.000000, 0.300000, SAFE, 41358.764118, 22962.056641, 1, 1750
-0.471500, -0.471250, -0.000000, 0.300000, SAFE, 41352.396494, 23027.107422, 1, 1750
-0.472000, -0.471750, -0.000000, 0.300000, SAFE, 41249.250563, 22859.201172, 1, 1750
-0.470750, -0.470500, -0.000000, 0.300000, SAFE, 41096.077082, 22821.132812, 1, 1750
-0.471750, -0.471500, -0.000000, 0.300000, SAFE, 41390.334582, 22997.738281, 1, 1750
-0.471000, -0.470750, -0.000000, 0.300000, SAFE, 41186.123388, 22944.806641, 1, 1750
-0.586000, -0.585750, -0.000000, 0.300000, SAFE, 41491.158992, 22317.556641, 1, 1978
-0.582250, -0.582000, -0.000000, 0.300000, SAFE, 40925.667056, 22021.363281, 2, 1960
-0.589750, -0.589500, -0.000000, 0.300000, SAFE, 42867.850996, 23057.335938, 2, 2036
-0.582750, -0.582500, -0.000000, 0.300000, SAFE, 40928.282347, 22061.291016, 1, 1959
-0.586250, -0.586000, -0.000000, 0.300000, SAFE, 41855.141781, 22697.482422, 1, 1978
-0.584000, -0.583750, -0.000000, 0.300000, SAFE, 41023.363217, 22071.820312, 1, 1959
-0.580500, -0.580250, -0.000000, 0.300000, SAFE, 40320.613674, 21707.316406, 1, 1940
-0.584250, -0.584000, -0.000000, 0.300000, SAFE, 40989.734014, 22102.271484, 1, 1959
-0.580000, -0.579750, -0.000000, 0.300000, SAFE, 40540.446342, 21787.406250, 1, 1940
-0.587500, -0.587250, -0.000000, 0.300000, SAFE, 41818.704806, 22514.121094, 1, 1997
-0.581000, -0.580750, -0.000000, 0.300000, SAFE, 40480.734440, 21789.419922, 1, 1940
-0.588250, -0.588000, -0.000000, 0.300000, SAFE, 42553.396269, 22907.500000, 2, 2017
-0.582500, -0.582250, -0.000000, 0.300000, SAFE, 40981.078697, 22093.716797, 1, 1959
-0.580750, -0.580500, -0.000000, 0.300000, SAFE, 40549.650900, 21898.904297, 1, 1940
-0.587000, -0.586750, -0.000000, 0.300000, SAFE, 42123.137897, 22689.554688, 1, 1997
-0.585750, -0.585500, -0.000000, 0.300000, SAFE, 41438.629123, 22294.638672, 1, 1978
-0.581250, -0.581000, -0.000000, 0.300000, SAFE, 40528.741210, 21816.322266, 1, 1940
-0.579250, -0.579000, -0.000000, 0.300000, SAFE, 40330.643184, 21612.708984, 1, 1921
-0.589000, -0.588750, -0.000000, 0.300000, SAFE, 42465.906831, 22868.746094, 1, 2016
-0.585000, -0.584750, -0.000000, 0.300000, SAFE, 41517.823352, 22368.693359, 1, 1978
-0.589250, -0.589000, -0.000000, 0.300000, SAFE, 42383.605492, 22897.855469, 1, 2016
-0.583750, -0.583500, -0.000000, 0.300000, SAFE, 41016.791651, 22160.242188, 1, 1959
-0.589500, -0.589250, -0.000000, 0.300000, SAFE, 42524.458868, 22955.031250, 1, 2016
-0.586750, -0.586500, -0.000000, 0.300000, SAFE, 42097.784893, 22630.982422, 2, 1998
-0.583250, -0.583000, -0.000000, 0.300000, SAFE, 40971.521194, 22021.542969, 1, 1959
-0.583000, -0.582750, -0.000000, 0.300000, SAFE, 41632.832898, 22688.535156, 1, 1959
-0.588000, -0.587750, -0.000000, 0.300000, SAFE, 42232.521049, 22801.500000, 1, 1997
-0.586500, -0.586250, -0.000000, 0.300000, SAFE, 42074.173714, 22669.253906, 2, 1998
-0.580250, -0.580000, -0.000000, 0.300000, SAFE, 40418.190753, 21739.808594, 1, 1940
-0.579750, -0.579500, -0.000000, 0.300000, SAFE, 40509.346788, 21783.148438, 2, 1941
-0.583500, -0.583250, -0.000000, 0.300000, SAFE, 40859.000475, 22019.013672, 1, 1959
-0.581750, -0.581500, -0.000000, 0.300000, SAFE, 40388.534034, 21720.634766, 1, 1940
-0.584500, -0.584250, -0.000000, 0.300000, SAFE, 41496.182215, 22299.740234, 2, 1979
-0.588750, -0.588500, -0.000000, 0.300000, SAFE, 42334.809295, 22843.058594, 1, 2016
-0.584750, -0.584500, -0.000000, 0.300000, SAFE, 41485.181828, 22296.955078, 2, 1979
-0.587250, -0.587000, -0.000000, 0.300000, SAFE, 42061.752498, 22638.957031, 1, 1997
-0.579500, -0.579250, -0.000000, 0.300000, SAFE, 40019.951742, 21513.361328, 1, 1921
-0.587750, -0.587500, -0.000000, 0.300000, SAFE, 41775.221650, 22489.513672, 1, 1997
-0.581500, -0.581250, -0.000000, 0.300000, SAFE, 40450.011626, 21784.046875, 1, 1940
-0.582000, -0.581750, -0.000000, 0.300000, SAFE, 41550.332583, 22856.103516, 1, 1940
-0.585500, -0.585250, -0.000000, 0.300000, SAFE, 41483.549450, 22373.160156, 1, 1978
-0.585250, -0.585000, -0.000000, 0.300000, SAFE, 41627.278059, 22368.505859, 1, 1978
-0.588500, -0.588250, -0.000000, 0.300000, SAFE, 42383.396217, 22769.982422, 2, 2017
0.520000, 0.520250, -0.000000, 0.300000, SAFE, 28.285036, 0.000000, 1, 2
-0.560750, -0.560500, -0.000000, 0.300000, SAFE, 37517.419822, 20242.845703, 1, 1845
-0.564000, -0.563750, -0.000000, 0.300000, SAFE, 37693.187590, 20355.550781, 1, 1845
-0.561500, -0.561250, -0.000000, 0.300000, SAFE, 37460.155343, 20157.451172, 1, 1845
-0.561750, -0.561500, -0.000000, 0.300000, SAFE, 37562.266787, 20217.320312, 1, 1845
-0.563500, -0.563250, -0.000000, 0.300000, SAFE, 37952.718310, 20423.835938, 1, 1845
-0.560000, -0.559750, -0.000000, 0.300000, SAFE, 37407.393379, 20190.335938, 1, 1845
-0.562750, -0.562500, -0.000000, 0.300000, SAFE, 37624.489041, 20292.335938, 1, 1845
-0.562250, -0.562000, -0.000000, 0.300000, SAFE, 37647.680253, 20296.443359, 1, 1845
-0.568750, -0.568500, -0.000000, 0.300000, SAFE, 38342.682456, 20564.246094, 1, 1864
-0.567500, -0.567250, -0.000000, 0.300000, SAFE, 38052.811347, 20492.796875, 1, 1864
-0.568250, -0.568000, -0.000000, 0.300000, SAFE, 38005.747749, 20484.158203, 1, 1864
-0.563250, -0.563000, -0.000000, 0.300000, SAFE, 37650.864397, 20227.132812, 1, 1845
-0.566250, -0.566000, -0.000000, 0.300000, SAFE, 38135.429811, 20499.335938, 1, 1864
-0.566750, -0.566500, -0.000000, 0.300000, SAFE, 38189.098440, 20547.658203, 1, 1864
-0.565000, -0.564750, -0.000000, 0.300000, SAFE, 38244.825388, 20509.156250, 2, 1865
-0.560250, -0.560000, -0.000000, 0.300000, SAFE, 37453.745311, 20171.384766, 1, 1845
-0.562000, -0.561750, -0.000000, 0.300000, SAFE, 37682.941723, 20360.343750, 1, 1845
-0.564500, -0.564250, -0.000000, 0.300000, SAFE, 37762.049068, 20433.916016, 1, 1845
-0.568500, -0.568250, -0.000000, 0.300000, SAFE, 38426.133433, 20757.980469, 1, 1864
-0.560500, -0.560250, -0.000000, 0.300000, SAFE, 37393.863274, 20174.861328, 1, 1845
-0.559500, -0.559250, -0.000000, 0.300000, SAFE, 36870.484641, 19875.675781, 1, 1826
-0.562500, -0.562250, -0.000000, 0.300000, SAFE, 37724.823360, 20411.009766, 1, 1845
-0.563000, -0.562750, -0.000000, 0.300000, SAFE, 37635.799494, 20298.611328, 1, 1845
-0.569000, -0.568750, -0.000000, 0.300000, SAFE, 38168.039780, 20553.005859, 1, 1864
-0.568000, -0.567750, -0.000000, 0.300000, SAFE, 38144.234623, 20597.457031, 1, 1864
-0.565250, -0.565000, -0.000000, 0.300000, SAFE, 37967.587765, 20437.044922, 1, 1864
-0.561000, -0.560750, -0.000000, 0.300000, SAFE, 37877.046312, 20363.402344, 1, 1845
-0.561250, -0.561000, -0.000000, 0.300000, SAFE, 37696.777828, 20241.892578, 1, 1845
-0.567750, -0.567500, -0.000000, 0.300000, SAFE, 38011.225191, 20457.632812, 1, 1864
-0.564250, -0.564000, -0.000000, 0.300000, SAFE, 37535.373314, 20217.337891, 1, 1845
-0.566000, -0.565750, -0.000000, 0.300000, SAFE, 38214.100411, 20574.050781, 1, 1864
-0.565500, -0.565250, -0.000000, 0.300000, SAFE, 38218.070750, 20584.570312, 1, 1864
-0.565750, -0.565500, -0.000000, 0.300000, SAFE, 38378.860546, 20545.263672, 1, 1864
-0.564750, -0.564500, -0.000000, 0.300000, SAFE, 37603.414327, 20275.466797, 1, 1845
-0.566500, -0.566250, -0.000000, 0.300000, SAFE, 38338.331936, 20561.517578, 1, 1864
-0.559750, -0.559500, -0.000000, 0.300000, SAFE, 37615.322292, 20207.167969, 2, 1846
-0.563750, -0.563500, -0.000000, 0.300000, SAFE, 37564.378604, 20240.203125, 1, 1845
-0.567250, -0.567000, -0.000000, 0.300000, SAFE, 38107.826263, 20504.119141, 1, 1864
-0.559250, -0.559000, -0.000000, 0.300000, SAFE, 37070.148529, 19978.777344, 1, 1826
-0.567000, -0.566750, -0.000000, 0.300000, SAFE, 38151.892547, 20526.060547, 1, 1864
-0.452500, -0.452250, -0.000000, 0.300000, SAFE, 42026.365912, 23578.685547, 1, 1769
-0.454500, -0.454250, -0.000000, 0.300000, SAFE, 41758.994460, 23351.576172, 1, 1769
-0.455500, -0.455250, -0.000000, 0.300000, SAFE, 41924.926799, 23397.816406, 1, 1769
-0.453000, -0.452750, -0.000000, 0.300000, SAFE, 41528.436069, 23151.646484, 1, 1769
-0.452250, -0.452000, -0.000000, 0.300000, SAFE, 41421.114263, 23096.351562, 1, 1769
-0.455250, -0.455000, -0.000000, 0.300000, SAFE, 41927.713763, 23426.968750, 1, 1769
-0.452750, -0.452500, -0.000000, 0.300000, SAFE, 42074.391725, 23542.667969, 1, 1769
-0.455000, -0.454750, -0.000000, 0.300000, SAFE, 41649.510306, 23201.154297, 1, 1769
-0.453750, -0.453500, -0.000000, 0.300000, SAFE, 41810.620637, 23329.273438, 1, 1769
-0.456000, -0.455750, -0.000000, 0.300000, SAFE, 41532.377886, 23169.619141, 1, 1769
-0.454000, -0.453750, -0.000000, 0.300000, SAFE, 41488.064277, 23037.218750, 1, 1769
-0.453500, -0.453250, -0.000000, 0.300000, SAFE, 41861.461930, 23280.076172, 1, 1769
-0.454750, -0.454500, -0.000000, 0.300000, SAFE, 41780.386617, 23250.802734, 1, 1769
-0.453250, -0.453000, -0.000000, 0.300000, SAFE, 41655.722414, 23105.583984, 1, 1769
-0.454250, -0.454000, -0.000000, 0.300000, SAFE, 41714.483824, 23176.750000, 1, 1769
-0.455750, -0.455500, -0.000000, 0.300000, SAFE, 41603.454936, 23139.808594, 1, 1769
-0.516100, -0.516050, -0.000000, 0.300000, SAFE, 78509.221660, 37055.417969, 1, 1750
-0.516500, -0.516450, -0.000000, 0.300000, SAFE, 75262.196887, 35697.230469, 1, 1750
-0.516800, -0.516750, -0.000000, 0.300000, SAFE, 76585.563346, 36294.789062, 1, 1750
-0.516950, -0.516900, -0.000000, 0.300000, SAFE, 78401.128712, 37125.894531, 1, 1750
-0.517700, -0.517650, -0.000000, 0.300000, SAFE, 78045.787530, 36807.347656, 1, 1750
-0.517650, -0.517600, -0.000000, 0.300000, SAFE, 77408.068706, 36568.605469, 1, 1750
-0.516400, -0.516350, -0.000000, 0.300000, SAFE, 78511.977223, 37074.988281, 1, 1750
-0.516850, -0.516800, -0.000000, 0.300000, SAFE, 78404.624592, 36943.066406, 1, 1750
-0.517550, -0.517500, -0.000000, 0.300000, SAFE, 77542.163180, 36694.558594, 1, 1750
-0.517900, -0.517850, -0.000000, 0.300000, SAFE, 74074.509590, 35154.480469, 1, 1750
-0.517150, -0.517100, -0.000000, 0.300000, SAFE, 74110.027887, 35195.296875, 1, 1750
-0.516150, -0.516100, -0.000000, 0.300000, SAFE, 74389.540426, 35397.113281, 1, 1750
-0.517050, -0.517000, -0.000000, 0.300000, SAFE, 77440.584356, 36762.726562, 1, 1750
-0.517500, -0.517450, -0.000000, 0.300000, SAFE, 74064.215118, 35124.238281, 1, 1750
-0.517300, -0.517250, -0.000000, 0.300000, SAFE, 78144.914803, 36764.449219, 1, 1750
-0.516450, -0.516400, -0.000000, 0.300000, SAFE, 78139.686806, 36976.214844, 1, 1750
-0.517800, -0.517750, -0.000000, 0.300000, SAFE, 76693.961016, 36032.937500, 1, 1750
-0.517250, -0.517200, -0.000000, 0.300000, SAFE, 78637.218269, 37123.402344, 1, 1750
-0.517200, -0.517150, -0.000000, 0.300000, SAFE, 78060.088910, 36890.789062, 1, 1750
-0.516050, -0.516000, -0.000000, 0.300000, SAFE, 76771.161344, 36255.691406, 1, 1750
-0.516350, -0.516300, -0.000000, 0.300000, SAFE, 78396.315453, 37046.324219, 1, 1750
-0.517750, -0.517700, -0.000000, 0.300000, SAFE, 76295.033149, 36021.566406, 1, 1750
-0.517450, -0.517400, -0.000000, 0.300000, SAFE, 74261.343336, 35029.371094, 1, 1750
-0.516600, -0.516550, -0.000000, 0.300000, SAFE, 77854.733449, 36884.984375, 1, 1750
-0.516200, -0.516150, -0.000000, 0.300000, SAFE, 76640.679018, 36303.476562, 1, 1750
-0.516750, -0.516700, -0.000000, 0.300000, SAFE, 73910.503281, 35035.058594, 1, 1750
-0.517400, -0.517350, -0.000000, 0.300000, SAFE, 74156.948837, 35188.773438, 1, 1750
-0.517350, -0.517300, -0.000000, 0.300000, SAFE, 78380.603353, 36671.031250, 1, 1750
-0.517000, -0.516950, -0.000000, 0.300000, SAFE, 73733.526553, 35006.398438, 1, 1750
-0.516900, -0.516850, -0.000000, 0.300000, SAFE, 76488.083761, 36233.402344, 1, 1750
-0.517950, -0.517900, -0.000000, 0.300000, SAFE, 78568.264938, 37338.332031, 1, 1750
-0.516300, -0.516250, -0.000000, 0.300000, SAFE, 78236.119549, 37007.144531, 1, 1750
-0.516250, -0.516200, -0.000000, 0.300000, SAFE, 78073.060502, 36823.437500, 1, 1750
-0.517100, -0.517050, -0.000000, 0.300000, SAFE, 74116.575324, 35252.773438, 1, 1750
-0.518000, -0.517950, -0.000000, 0.300000, SAFE, 77574.599336, 36515.449219, 1, 1750
-0.516550, -0.516500, -0.000000, 0.300000, SAFE, 78706.784532, 37208.125000, 1, 1750
-0.516650, -0.516600, -0.000000, 0.300000, SAFE, 73645.714249, 35020.476562, 1, 1750
-0.517850, -0.517800, -0.000000, 0.300000, SAFE, 77789.142054, 36628.675781, 1, 1750
-0.517600, -0.517550, -0.000000, 0.300000, SAFE, 78408.976285, 37052.566406, 1, 1750
-0.516700, -0.516650, -0.000000, 0.300000, SAFE, 74231.547347, 35172.757812, 1, 1750
-0.520000, -0.519750, -0.000000, 0.300000, SAFE, 882.965471, 470.342285, 1, 29
-0.524000, -0.523750, -0.000000, 0.300000, SAFE, 35536.153966, 19171.099609, 1, 1769
-0.520250, -0.520000, -0.000000, 0.300000, SAFE, 35100.172222, 18945.292969, 1, 1750
-0.527750, -0.527500, -0.000000, 0.300000, SAFE, 35535.578633, 19165.634766, 1, 1769
-0.527500, -0.527250, -0.000000, 0.300000, SAFE, 36123.876620, 19669.611328, 1, 1769
-0.522750, -0.522500, -0.000000, 0.300000, SAFE, 35724.862733, 19290.001953, 2, 1770
-0.526750, -0.526500, -0.000000, 0.300000, SAFE, 35701.243062, 19200.460938, 1, 1769
-0.524750, -0.524500, -0.000000, 0.300000, SAFE, 35516.915087, 19166.724609, 1, 1769
-0.523750, -0.523500, -0.000000, 0.300000, SAFE, 35682.688097, 19307.386719, 1, 1769
-0.525750, -0.525500, -0.000000, 0.300000, SAFE, 35590.354782, 19192.804688, 1, 1769
-0.528000, -0.527750, -0.000000, 0.300000, SAFE, 35593.097445, 19174.830078, 1, 1769
-0.523500, -0.523250, -0.000000, 0.300000, SAFE, 35574.185870, 19237.052734, 1, 1769
-0.528750, -0.528500, -0.000000, 0.300000, SAFE, 35686.832206, 19244.210938, 1, 1769
-0.524500, -0.524250, -0.000000, 0.300000, SAFE, 35546.588656, 19213.007812, 1, 1769
-0.526250, -0.526000, -0.000000, 0.300000, SAFE, 35447.736843, 19109.990234, 1, 1769
-0.525000, -0.524750, -0.000000, 0.300000, SAFE, 35479.225408, 19123.851562, 1, 1769
-0.526000, -0.525750, -0.000000, 0.300000, SAFE, 35654.273064, 19275.308594, 1, 1769
-0.525250, -0.525000, -0.000000, 0.300000, SAFE, 35512.635449, 19169.705078, 1, 1769
-0.521500, -0.521250, -0.000000, 0.300000, SAFE, 35190.926554, 19050.671875, 1, 1750
-0.523250, -0.523000, -0.000000, 0.300000, SAFE, 36388.931079, 19991.484375, 1, 1769
-0.521250, -0.521000, -0.000000, 0.300000, SAFE, 35013.293484, 18877.685547, 1, 1750
-0.520750, -0.520500, -0.000000, 0.300000, SAFE, 35209.712535, 18851.248047, 1, 1750
-0.526500, -0.526250, -0.000000, 0.300000, SAFE, 35610.169504, 19209.546875, 1, 1769
-0.528250, -0.528000, -0.000000, 0.300000, SAFE, 35656.683520, 19219.636719, 1, 1769
-0.522000, -0.521750, -0.000000, 0.300000, SAFE, 35080.419404, 18942.210938, 1, 1750
-0.522500, -0.522250, -0.000000, 0.300000, SAFE, 35675.380508, 19216.478516, 2, 1770
-0.521750, -0.521500, -0.000000, 0.300000, SAFE, 35400.851004, 19001.433594, 1, 1750
-0.520500, -0.520250, -0.000000, 0.300000, SAFE, 35017.033675, 18866.458984, 1, 1750
-0.523000, -0.522750, -0.000000, 0.300000, SAFE, 35722.987701, 19273.783203, 2, 1770
-0.525500, -0.525250, -0.000000, 0.300000, SAFE, 35526.031856, 19213.775391, 1, 1769
-0.522250, -0.522000, -0.000000, 0.300000, SAFE, 35111.537158, 18965.566406, 1, 1750
-0.524250, -0.524000, -0.000000, 0.300000, SAFE, 35623.826476, 19206.095703, 1, 1769
-0.521000, -0.520750, -0.000000, 0.300000, SAFE, 35087.734217, 18937.931641, 1, 1750
-0.527250, -0.527000, -0.000000, 0.300000, SAFE, 35672.435986, 19307.082031, 1, 1769
-0.529000, -0.528750, -0.000000, 0.300000, SAFE, 35582.080149, 19195.613281, 1, 1769
-0.528500, -0.528250, -0.000000, 0.300000, SAFE, 35809.307848, 19246.357422, 1, 1769
-0.527000, -0.526750, -0.000000, 0.300000, SAFE, 35601.222964, 19197.771484, 1, 1769
-0.548400, -0.548350, -0.000000, 0.300000, SAFE, 36093.891804, 18750.578125, 1, 1807
-0.549450, -0.549400, -0.000000, 0.300000, SAFE, 36281.407878, 18904.330078, 1, 1807
-0.549950, -0.549900, -0.000000, 0.300000, SAFE, 36124.377386, 18796.990234, 1, 1807
-0.548150, -0.548100, -0.000000, 0.300000, SAFE, 36135.952427, 18801.962891, 1, 1807
-0.548600, -0.548550, -0.000000, 0.300000, SAFE, 36329.409236, 18948.843750, 1, 1807
-0.549600, -0.549550, -0.000000, 0.300000, SAFE, 36195.256702, 18834.710938, 1, 1807
-0.549000, -0.548950, -0.000000, 0.300000, SAFE, 36122.807695, 18770.748047, 1, 1807
-0.548900, -0.548850, -0.000000, 0.300000, SAFE, 36320.629314, 18741.363281, 1, 1807
-0.548550, -0.548500, -0.000000, 0.300000, SAFE, 36220.769397, 18848.798828, 1, 1807
-0.548800, -0.548750, -0.000000, 0.300000, SAFE, 36113.521075, 18750.292969, 1, 1807
-0.548500, -0.548450, -0.000000, 0.300000, SAFE, 36341.202230, 18939.505859, 1, 1807
-0.550000, -0.549950, -0.000000, 0.300000, SAFE, 36199.154346, 18811.095703, 1, 1807
-0.548700, -0.548650, -0.000000, 0.300000, SAFE, 36332.872428, 18839.447266, 1, 1807
-0.548450, -0.548400, -0.000000, 0.300000, SAFE, 36201.476196, 18834.523438, 1, 1807
-0.549750, -0.549700, -0.000000, 0.300000, SAFE, 36298.518819, 18941.646484, 1, 1807
-0.549400, -0.549350, -0.000000, 0.300000, SAFE, 36232.057798, 18899.363281, 1, 1807
-0.549700, -0.549650, -0.000000, 0.300000, SAFE, 36194.663244, 18777.164062, 1, 1807
-0.549100, -0.549050, -0.000000, 0.300000, SAFE, 36330.396219, 18835.751953, 1, 1807
-0.548650, -0.548600, -0.000000, 0.300000, SAFE, 36103.646768, 18775.644531, 1, 1807
-0.548950, -0.548900, -0.000000, 0.300000, SAFE, 36169.620147, 18814.511719, 1, 1807
-0.549200, -0.549150, -0.000000, 0.300000, SAFE, 36221.836430, 18751.083984, 1, 1807
-0.549150, -0.549100, -0.000000, 0.300000, SAFE, 36135.405087, 18778.445312, 1, 1807
-0.549500, -0.549450, -0.000000, 0.300000, SAFE, 36172.886197, 18819.072266, 1, 1807
-0.548200, -0.548150, -0.000000, 0.300000, SAFE, 36165.284041, 18812.093750, 1, 1807
-0.548300, -0.548250, -0.000000, 0.300000, SAFE, 36132.784787, 18746.869141, 1, 1807
-0.549350, -0.549300, -0.000000, 0.300000, SAFE, 36230.716348, 18835.929688, 1, 1807
-0.548100, -0.548050, -0.000000, 0.300000, SAFE, 36238.799700, 18857.351562, 1, 1807
-0.549050, -0.549000, -0.000000, 0.300000, SAFE, 36462.692405, 18822.359375, 1, 1807
-0.549900, -0.549850, -0.000000, 0.300000, SAFE, 36291.537495, 18850.982422, 1, 1807
-0.548750, -0.548700, -0.000000, 0.300000, SAFE, 36818.113941, 18886.167969, 1, 1807
-0.549650, -0.549600, -0.000000, 0.300000, SAFE, 36128.583902, 18812.324219, 1, 1807
-0.549300, -0.549250, -0.000000, 0.300000, SAFE, 36281.575444, 18938.652344, 1, 1807
-0.549850, -0.549800, -0.000000, 0.300000, SAFE, 36308.117871, 18783.345703, 1, 1807
-0.548050, -0.548000, -0.000000, 0.300000, SAFE, 36277.790231, 18881.404297, 1, 1807
-0.548250, -0.548200, -0.000000, 0.300000, SAFE, 36187.372733, 18789.673828, 1, 1807
-0.549550, -0.549500, -0.000000, 0.300000, SAFE, 36135.720057, 18807.435547, 1, 1807
-0.548350, -0.548300, -0.000000, 0.300000, SAFE, 36227.403427, 18803.447266, 1, 1807
-0.549800, -0.549750, -0.000000, 0.300000, SAFE, 36261.405115, 18881.367188, 1, 1807
-0.548850, -0.548800, -0.000000, 0.300000, SAFE, 36298.478751, 18929.785156, 1, 1807
-0.549250, -0.549200, -0.000000, 0.300000, SAFE, 36104.172710, 18795.562500, 1, 1807
-0.538000, -0.537750, -0.000000, 0.300000, SAFE, 36461.237946, 19690.156250, 1, 1788
-0.535000, -0.534750, -0.000000, 0.300000, SAFE, 36189.253537, 19621.585938, 1, 1769
-0.534750, -0.534500, -0.000000, 0.300000, SAFE, 36156.362342, 19426.292969, 1, 1769
-0.537000, -0.536750, -0.000000, 0.300000, SAFE, 36613.620742, 19775.859375, 1, 1788
-0.536750, -0.536500, -0.000000, 0.300000, SAFE, 36408.077497, 19639.638672, 1, 1788
-0.535500, -0.535250, -0.000000, 0.300000, SAFE, 35980.841261, 19410.845703, 1, 1769
-0.531250, -0.531000, -0.000000, 0.300000, SAFE, 35971.573749, 19426.357422, 1, 1769
-0.532000, -0.531750, -0.000000, 0.300000, SAFE, 36038.509301, 19513.220703, 1, 1769
-0.536500, -0.536250, -0.000000, 0.300000, SAFE, 36738.504363, 19719.705078, 2, 1789
-0.536250, -0.536000, -0.000000, 0.300000, SAFE, 36571.866147, 19671.039062, 2, 1789
-0.529750, -0.529500, -0.000000, 0.300000, SAFE, 36044.112706, 19440.812500, 1, 1769
-0.530500, -0.530250, -0.000000, 0.300000, SAFE, 36216.868629, 19623.462891, 1, 1769
-0.529500, -0.529250, -0.000000, 0.300000, SAFE, 35981.118133, 19439.802734, 1, 1769
-0.535750, -0.535500, -0.000000, 0.300000, SAFE, 36214.797958, 19457.958984, 1, 1769
-0.537250, -0.537000, -0.000000, 0.300000, SAFE, 36553.537812, 19767.644531, 1, 1788
-0.529250, -0.529000, -0.000000, 0.300000, SAFE, 36004.974075, 19487.972656, 1, 1769
-0.530750, -0.530500, -0.000000, 0.300000, SAFE, 35946.109163, 19448.402344, 1, 1769
-0.538250, -0.538000, -0.000000, 0.300000, SAFE, 36567.640869, 19732.535156, 1, 1788
-0.537750, -0.537500, -0.000000, 0.300000, SAFE, 36445.073138, 19712.412109, 1, 1788
-0.535250, -0.535000, -0.000000, 0.300000, SAFE, 36026.444481, 19433.595703, 1, 1769
-0.530250, -0.530000, -0.000000, 0.300000, SAFE, 35966.612829, 19449.970703, 1, 1769
-0.533000, -0.532750, -0.000000, 0.300000, SAFE, 36087.465119, 19488.550781, 1, 1769
-0.534500, -0.534250, -0.000000, 0.300000, SAFE, 35970.726872, 19456.324219, 1, 1769
-0.532750, -0.532500, -0.000000, 0.300000, SAFE, 36056.811576, 19482.273438, 1, 1769
-0.538500, -0.538250, -0.000000, 0.300000, SAFE, 36643.933424, 19807.833984, 1, 1788
-0.533250, -0.533000, -0.000000, 0.300000, SAFE, 36067.203300, 19483.939453, 1, 1769
-0.532250, -0.532000, -0.000000, 0.300000, SAFE, 35976.077323, 19455.544922, 1, 1769
-0.539000, -0.538750, -0.000000, 0.300000, SAFE, 36623.855107, 19811.216797, 1, 1788
-0.531750, -0.531500, -0.000000, 0.300000, SAFE, 35969.510119, 19418.289062, 1, 1769
-0.530000, -0.529750, -0.000000, 0.300000, SAFE, 36113.957815, 19555.589844, 1, 1769
-0.537500, -0.537250, -0.000000, 0.300000, SAFE, 36440.114639, 19673.382812, 1, 1788
-0.534250, -0.534000, -0.000000, 0.300000, SAFE, 35977.492273, 19453.095703, 1, 1769
-0.534000, -0.533750, -0.000000, 0.300000, SAFE, 35924.159701, 19392.244141, 1, 1769
-0.533750, -0.533500, -0.000000, 0.300000, SAFE, 36046.299019, 19447.001953, 1, 1769
-0.532500, -0.532250, -0.000000, 0.300000, SAFE, 36018.375890, 19449.214844, 1, 1769
-0.531000, -0.530750, -0.000000, 0.300000, SAFE, 36277.675667, 19688.263672, 1, 1769
-0.538750, -0.538500, -0.000000, 0.300000, SAFE, 36604.814241, 19821.910156, 1, 1788
-0.533500, -0.533250, -0.000000, 0.300000, SAFE, 36018.028546, 19470.431641, 1, 1769
-0.536000, -0.535750, -0.000000, 0.300000, SAFE, 36084.858904, 19550.029297, 1, 1769
-0.531500, -0.531250, -0.000000, 0.300000, SAFE, 35973.663979, 19425.628906, 1, 1769
-0.570500, -0.570250, -0.000000, 0.300000, SAFE, 39279.114039, 21071.580078, 1, 1883
-0.578750, -0.578500, -0.000000, 0.300000, SAFE, 40214.153334, 21682.447266, 1, 1921
-0.569750, -0.569500, -0.000000, 0.300000, SAFE, 39123.591951, 21084.677734, 1, 1883
-0.578000, -0.577750, -0.000000, 0.300000, SAFE, 40175.461363, 21604.615234, 1, 1921
-0.574500, -0.574250, -0.000000, 0.300000, SAFE, 39644.386845, 21382.605469, 1, 1902
-0.575750, -0.575500, -0.000000, 0.300000, SAFE, 39795.030394, 21499.242188, 1, 1902
-0.574250, -0.574000, -0.000000, 0.300000, SAFE, 39689.891758, 21466.527344, 1, 1902
-0.569500, -0.569250, -0.000000, 0.300000, SAFE, 39241.340698, 21140.105469, 2, 1884
-0.571000, -0.570750, -0.000000, 0.300000, SAFE, 39331.163665, 21257.251953, 1, 1883
-0.577750, -0.577500, -0.000000, 0.300000, SAFE, 40094.251817, 21593.787109, 1, 1921
-0.572500, -0.572250, -0.000000, 0.300000, SAFE, 39274.524128, 21112.888672, 1, 1883
-0.571250, -0.571000, -0.000000, 0.300000, SAFE, 39291.627217, 21115.962891, 1, 1883
-0.577250, -0.577000, -0.000000, 0.300000, SAFE, 40200.559494, 21674.484375, 1, 1921
-0.579000, -0.578750, -0.000000, 0.300000, SAFE, 40192.691872, 21698.982422, 1, 1921
-0.573500, -0.573250, -0.000000, 0.300000, SAFE, 39727.881920, 21346.873047, 2, 1903
-0.573000, -0.572750, -0.000000, 0.300000, SAFE, 39173.212811, 21152.843750, 1, 1883
-0.570250, -0.570000, -0.000000, 0.300000, SAFE, 39145.676265, 21136.390625, 1, 1883
-0.576250, -0.576000, -0.000000, 0.300000, SAFE, 39757.260869, 21477.556641, 1, 1902
-0.577500, -0.577250, -0.000000, 0.300000, SAFE, 40280.134062, 21749.482422, 1, 1921
-0.575500, -0.575250, -0.000000, 0.300000, SAFE, 39648.074842, 21401.347656, 1, 1902
-0.571500, -0.571250, -0.000000, 0.300000, SAFE, 39304.071581, 21159.001953, 1, 1883
-0.576500, -0.576250, -0.000000, 0.300000, SAFE, 39801.254227, 21380.308594, 1, 1902
-0.577000, -0.576750, -0.000000, 0.300000, SAFE, 40160.296586, 21642.234375, 1, 1921
-0.572750, -0.572500, -0.000000, 0.300000, SAFE, 39221.001467, 21206.224609, 1, 1883
-0.570000, -0.569750, -0.000000, 0.300000, SAFE, 39249.552487, 21228.757812, 1, 1883
-0.571750, -0.571500, -0.000000, 0.300000, SAFE, 39256.300997, 21200.357422, 1, 1883
-0.576000, -0.575750, -0.000000, 0.300000, SAFE, 39597.782945, 21396.541016, 1, 1902
-0.574750, -0.574500, -0.000000, 0.300000, SAFE, 39773.249181, 21479.843750, 1, 1902
-0.570750, -0.570500, -0.000000, 0.300000, SAFE, 39517.964262, 21129.867188, 1, 1883
-0.573750, -0.573500, -0.000000, 0.300000, SAFE, 39635.109736, 21364.523438, 1, 1902
-0.578500, -0.578250, -0.000000, 0.300000, SAFE, 40162.317076, 21704.546875, 1, 1921
-0.575250, -0.575000, -0.000000, 0.300000, SAFE, 39602.304705, 21323.281250, 1, 1902
-0.572000, -0.571750, -0.000000, 0.300000, SAFE, 39119.527653, 21130.626953, 1, 1883
-0.569250, -0.569000, -0.000000, 0.300000, SAFE, 38760.997124, 20904.984375, 1, 1864
-0.573250, -0.573000, -0.000000, 0.300000, SAFE, 39536.734734, 21272.242188, 2, 1903
-0.574000, -0.573750, -0.000000, 0.300000, SAFE, 39871.947734, 21569.693359, 1, 1902
-0.576750, -0.576500, -0.000000, 0.300000, SAFE, 40291.589319, 21710.160156, 2, 1922
-0.578250, -0.578000, -0.000000, 0.300000, SAFE, 40300.404671, 21638.107422, 1, 1921
-0.575000, -0.574750, -0.000000, 0.300000, SAFE, 39730.132027, 21473.951172, 1, 1902
-0.572250, -0.572000, -0.000000, 0.300000, SAFE, 39148.290991, 21147.748047, 1, 1883
-0.551500, -0.551250, -0.000000, 0.300000, SAFE, 36784.174465, 19883.488281, 1, 1807
-0.558750, -0.558500, -0.000000, 0.300000, SAFE, 37306.084677, 20154.884766, 1, 1826
-0.552250, -0.552000, -0.000000, 0.300000, SAFE, 36729.388227, 19877.261719, 1, 1807
-0.554500, -0.554250, -0.000000, 0.300000, SAFE, 37313.628017, 20139.470703, 1, 1826
-0.553500, -0.553250, -0.000000, 0.300000, SAFE, 36885.885435, 19917.894531, 1, 1807
-0.556750, -0.556500, -0.000000, 0.300000, SAFE, 37296.227911, 20151.167969, 1, 1826
-0.553750, -0.553500, -0.000000, 0.300000, SAFE, 37483.202335, 20193.187500, 2, 1827
-0.557750, -0.557500, -0.000000, 0.300000, SAFE, 37321.268281, 20225.054688, 1, 1826
-0.554750, -0.554500, -0.000000, 0.300000, SAFE, 37598.870964, 20250.521484, 1, 1826
-0.551250, -0.551000, -0.000000, 0.300000, SAFE, 36695.069899, 19864.613281, 1, 1807
-0.558000, -0.557750, -0.000000, 0.300000, SAFE, 37286.204726, 20135.574219, 1, 1826
-0.551000, -0.550750, -0.000000, 0.300000, SAFE, 36892.342818, 19999.490234, 1, 1807
-0.554250, -0.554000, -0.000000, 0.300000, SAFE, 37450.272785, 20259.998047, 1, 1826
-0.553250, -0.553000, -0.000000, 0.300000, SAFE, 36808.689092, 19873.384766, 1, 1807
-0.549500, -0.549250, -0.000000, 0.300000, SAFE, 36848.621927, 19896.652344, 1, 1807
-0.553000, -0.552750, -0.000000, 0.300000, SAFE, 36983.497950, 20050.431641, 1, 1807
-0.551750, -0.551500, -0.000000, 0.300000, SAFE, 36814.922658, 19932.716797, 1, 1807
-0.552500, -0.552250, -0.000000, 0.300000, SAFE, 37092.399337, 20124.130859, 1, 1807
-0.556250, -0.556000, -0.000000, 0.300000, SAFE, 37489.428415, 20111.007812, 1, 1826
-0.555000, -0.554750, -0.000000, 0.300000, SAFE, 37304.334112, 20159.164062, 1, 1826
-0.549750, -0.549500, -0.000000, 0.300000, SAFE, 36971.568041, 19999.623047, 1, 1807
-0.557000, -0.556750, -0.000000, 0.300000, SAFE, 37196.987586, 20124.177734, 1, 1826
-0.552000, -0.551750, -0.000000, 0.300000, SAFE, 36842.700372, 19964.113281, 1, 1807
-0.550500, -0.550250, -0.000000, 0.300000, SAFE, 36784.562419, 19867.744141, 1, 1807
-0.555500, -0.555250, -0.000000, 0.300000, SAFE, 37338.803002, 20179.593750, 1, 1826
-0.557500, -0.557250, -0.000000, 0.300000, SAFE, 37412.967997, 20287.236328, 1, 1826
-0.558250, -0.558000, -0.000000, 0.300000, SAFE, 37261.480326, 20147.851562, 1, 1826
-0.556000, -0.555750, -0.000000, 0.300000, SAFE, 37251.612668, 20093.511719, 1, 1826
-0.552750, -0.552500, -0.000000, 0.300000, SAFE, 36832.467216, 19978.375000, 1, 1807
-0.558500, -0.558250, -0.000000, 0.300000, SAFE, 37336.553170, 20179.996094, 1, 1826
-0.555750, -0.555500, -0.000000, 0.300000, SAFE, 37287.559435, 20146.408203, 1, 1826
-0.550750, -0.550500, -0.000000, 0.300000, SAFE, 37091.694181, 20118.177734, 1, 1807
-0.559000, -0.558750, -0.000000, 0.300000, SAFE, 37514.812128, 20334.966797, 1, 1826
-0.556500, -0.556250, -0.000000, 0.300000, SAFE, 37311.614663, 20099.484375, 1, 1826
-0.557250, -0.557000, -0.000000, 0.300000, SAFE, 37172.324526, 20092.546875, 1, 1826
-0.549250, -0.549000, -0.000000, 0.300000, SAFE, 36816.405004, 19899.212891, 1, 1807
-0.550000, -0.549750, -0.000000, 0.300000, SAFE, 36856.948688, 19928.851562, 1, 1807
-0.555250, -0.555000, -0.000000, 0.300000, SAFE, 37342.259729, 20171.546875, 1, 1826
-0.550250, -0.550000, -0.000000, 0.300000, SAFE, 36817.629743, 19914.800781, 1, 1807
-0.554000, -0.553750, -0.000000, 0.300000, SAFE, 37439.924676, 20233.957031, 1, 1826
-0.488250, -0.488000, -0.000000, 0.300000, SAFE, 41581.147575, 22879.814453, 1, 1750
-0.489000, -0.488750, -0.000000, 0.300000, SAFE, 41178.808627, 22880.802734, 1, 1750
-0.490000, -0.489750, -0.000000, 0.300000, SAFE, 41437.677203, 22865.177734, 1, 1750
-0.488500, -0.488250, -0.000000, 0.300000, SAFE, 41216.134315, 22781.132812, 1, 1750
-0.489750, -0.489500, -0.000000, 0.300000, SAFE, 41419.540227, 23019.039062, 1, 1750
-0.489500, -0.489250, -0.000000, 0.300000, SAFE, 41485.121581, 22931.886719, 1, 1750
-0.488750, -0.488500, -0.000000, 0.300000, SAFE, 41613.190895, 23110.748047, 1, 1750
-0.489250, -0.489000, -0.000000, 0.300000, SAFE, 41370.435330, 22894.443359, 1, 1750
-0.482000, -0.481750, -0.000000, 0.300000, SAFE, 41631.401141, 23077.791016, 1, 1750
-0.480500, -0.480250, -0.000000, 0.300000, SAFE, 41491.688390, 23079.984375, 1, 1750
-0.480750, -0.480500, -0.000000, 0.300000, SAFE, 41249.548191, 22745.621094, 1, 1750
-0.481250, -0.481000, -0.000000, 0.300000, SAFE, 41269.357946, 22893.804688, 1, 1750
-0.481750, -0.481500, -0.000000, 0.300000, SAFE, 41321.594039, 22933.421875, 1, 1750
-0.481500, -0.481250, -0.000000, 0.300000, SAFE, 41607.319618, 22936.484375, 1, 1750
-0.481000, -0.480750, -0.000000, 0.300000, SAFE, 41370.528726, 22947.652344, 1, 1750
-0.480250, -0.480000, -0.000000, 0.300000, SAFE, 41464.411001, 22983.060547, 1, 1750
-0.546800, -0.546750, -0.000000, 0.300000, SAFE, 35790.890075, 18528.041016, 1, 1807
-0.547200, -0.547150, -0.000000, 0.300000, SAFE, 35755.332986, 18549.312500, 1, 1807
-0.546250, -0.546200, -0.000000, 0.300000, SAFE, 35717.881837, 18514.802734, 1, 1807
-0.547250, -0.547200, -0.000000, 0.300000, SAFE, 35773.688644, 18555.925781, 1, 1807
-0.547600, -0.547550, -0.000000, 0.300000, SAFE, 35800.504200, 18495.748047, 1, 1807
-0.547350, -0.547300, -0.000000, 0.300000, SAFE, 35619.892915, 18486.808594, 1, 1807
-0.547850, -0.547800, -0.000000, 0.300000, SAFE, 35875.997229, 18575.068359, 1, 1807
-0.547950, -0.547900, -0.000000, 0.300000, SAFE, 36060.979311, 18711.630859, 1, 1807
-0.547450, -0.547400, -0.000000, 0.300000, SAFE, 35760.219147, 18516.908203, 1, 1807
-0.547750, -0.547700, -0.000000, 0.300000, SAFE, 35813.585105, 18550.205078, 1, 1807
-0.546750, -0.546700, -0.000000, 0.300000, SAFE, 35774.272636, 18554.318359, 1, 1807
-0.546700, -0.546650, -0.000000, 0.300000, SAFE, 36029.258264, 18623.187500, 1, 1807
-0.546400, -0.546350, -0.000000, 0.300000, SAFE, 35705.781437, 18514.892578, 1, 1807
-0.547550, -0.547500, -0.000000, 0.300000, SAFE, 35839.869564, 18626.140625, 1, 1807
-0.547650, -0.547600, -0.000000, 0.300000, SAFE, 35896.347628, 18644.242188, 1, 1807
-0.547400, -0.547350, -0.000000, 0.300000, SAFE, 35836.595946, 18630.283203, 1, 1807
-0.547900, -0.547850, -0.000000, 0.300000, SAFE, 36155.234560, 18640.859375, 1, 1807
-0.547500, -0.547450, -0.000000, 0.300000, SAFE, 35821.290232, 18606.468750, 1, 1807
-0.547000, -0.546950, -0.000000, 0.300000, SAFE, 35749.652110, 18529.779297, 1, 1807
-0.546450, -0.546400, -0.000000, 0.300000, SAFE, 36048.725291, 18600.044922, 1, 1807
-0.546100, -0.546050, -0.000000, 0.300000, SAFE, 35780.023008, 18602.142578, 1, 1807
-0.546200, -0.546150, -0.000000, 0.300000, SAFE, 35767.554483, 18515.878906, 1, 1807
-0.546550, -0.546500, -0.000000, 0.300000, SAFE, 35742.393134, 18545.515625, 1, 1807
-0.547700, -0.547650, -0.000000, 0.300000, SAFE, 36289.522996, 18984.785156, 1, 1807
-0.546850, -0.546800, -0.000000, 0.300000, SAFE, 36608.787831, 19396.406250, 1, 1807
-0.546350, -0.546300, -0.000000, 0.300000, SAFE, 35672.813782, 18483.375000, 1, 1807
-0.548000, -0.547950, -0.000000, 0.300000, SAFE, 35701.773400, 18509.701172, 1, 1807
-0.546600, -0.546550, -0.000000, 0.300000, SAFE, 35849.525900, 18574.392578, 1, 1807
-0.546650, -0.546600, -0.000000, 0.300000, SAFE, 35889.113445, 18621.259766, 1, 1807
-0.547050, -0.547000, -0.000000, 0.300000, SAFE, 35715.250019, 18502.978516, 1, 1807
-0.546300, -0.546250, -0.000000, 0.300000, SAFE, 35669.557328, 18501.783203, 1, 1807
-0.547150, -0.547100, -0.000000, 0.300000, SAFE, 35927.093711, 18694.656250, 1, 1807
-0.546050, -0.546000, -0.000000, 0.300000, SAFE, 35822.888652, 18513.667969, 2, 1808
-0.546900, -0.546850, -0.000000, 0.300000, SAFE, 35895.359425, 18613.710938, 1, 1807
-0.547800, -0.547750, -0.000000, 0.300000, SAFE, 35835.905719, 18677.457031, 1, 1807
-0.547100, -0.547050, -0.000000, 0.300000, SAFE, 35736.480593, 18560.197266, 1, 1807
-0.547300, -0.547250, -0.000000, 0.300000, SAFE, 35882.457444, 18666.791016, 1, 1807
-0.546500, -0.546450, -0.000000, 0.300000, SAFE, 35770.294605, 18519.060547, 1, 1807
-0.546150, -0.546100, -0.000000, 0.300000, SAFE, 35773.287496, 18532.625000, 1, 1807
-0.546950, -0.546900, -0.000000, 0.300000, SAFE, 35806.497398, 18539.976562, 1, 1807
Covered Ranges:
-0.590000, -0.519750
-0.518000, -0.516000
-0.490000, -0.488000
-0.482000, -0.480000
-0.472000, -0.470000
-0.466000, -0.462000
-0.456000, -0.452000
0.520000, 0.520250
Uncovered Ranges:
-0.519750, -0.518000
-0.516000, -0.490000
-0.488000, -0.482000
-0.480000, -0.472000
-0.470000, -0.466000
-0.462000, -0.456000
-0.452000, 0.520000