X1 lower, X1 upper, X3 lower, X3 upper, Result, Total Time, DNN Time, Num Branches, Num Flowpipes
-0.448500, -0.448250, 0.300000, 2.000000, SAFE, 45707.952096, 24939.183594, 1, 1731
-0.444500, -0.444250, 0.300000, 2.000000, SAFE, 46552.182581, 25394.337891, 1, 1750
-0.447000, -0.446750, 0.300000, 2.000000, SAFE, 46518.797037, 25357.380859, 1, 1750
-0.449250, -0.449000, 0.300000, 2.000000, SAFE, 46143.739133, 25147.345703, 1, 1731
-0.449500, -0.449250, 0.300000, 2.000000, SAFE, 46241.473872, 25228.519531, 1, 1731
-0.454500, -0.454250, 0.300000, 2.000000, SAFE, 46173.988475, 25265.031250, 1, 1731
-0.454750, -0.454500, 0.300000, 2.000000, SAFE, 46157.370854, 25204.109375, 1, 1731
-0.449000, -0.448750, 0.300000, 2.000000, SAFE, 46177.949069, 25256.556641, 1, 1731
-0.454000, -0.453750, 0.300000, 2.000000, SAFE, 45934.130797, 25182.876953, 1, 1731
-0.452750, -0.452500, 0.300000, 2.000000, SAFE, 46306.829206, 25261.550781, 1, 1731
-0.453500, -0.453250, 0.300000, 2.000000, SAFE, 46086.092699, 25148.775391, 1, 1731
-0.451250, -0.451000, 0.300000, 2.000000, SAFE, 45919.584249, 25059.091797, 1, 1731
-0.451750, -0.451500, 0.300000, 2.000000, SAFE, 46555.038420, 25573.617188, 1, 1731
-0.446000, -0.445750, 0.300000, 2.000000, SAFE, 46561.212026, 25290.162109, 1, 1750
-0.448250, -0.448000, 0.300000, 2.000000, SAFE, 46130.998610, 25157.324219, 1, 1731
-0.446250, -0.446000, 0.300000, 2.000000, SAFE, 46343.930929, 25328.417969, 1, 1750
-0.441500, -0.441250, 0.300000, 2.000000, SAFE, 46662.526864, 25527.062500, 1, 1750
-0.450750, -0.450500, 0.300000, 2.000000, SAFE, 46130.522584, 25228.507812, 1, 1731
-0.443000, -0.442750, 0.300000, 2.000000, SAFE, 46512.670010, 25538.011719, 1, 1750
-0.452000, -0.451750, 0.300000, 2.000000, SAFE, 46341.766993, 25426.054688, 1, 1731
-0.448750, -0.448500, 0.300000, 2.000000, SAFE, 46107.694261, 25194.396484, 1, 1731
-0.445000, -0.444750, 0.300000, 2.000000, SAFE, 46636.924162, 25506.832031, 1, 1750
-0.440750, -0.440500, 0.300000, 2.000000, SAFE, 46542.129531, 25423.515625, 1, 1750
-0.444000, -0.443750, 0.300000, 2.000000, SAFE, 46772.718682, 25517.478516, 1, 1750
-0.446500, -0.446250, 0.300000, 2.000000, SAFE, 46571.846671, 25449.867188, 1, 1750
-0.453250, -0.453000, 0.300000, 2.000000, SAFE, 46201.302563, 25244.884766, 1, 1731
-0.445750, -0.445500, 0.300000, 2.000000, SAFE, 46348.759454, 25364.785156, 1, 1750
-0.445250, -0.445000, 0.300000, 2.000000, SAFE, 46610.894791, 25380.966797, 1, 1750
-0.445500, -0.445250, 0.300000, 2.000000, SAFE, 46629.761896, 25504.843750, 1, 1750
-0.444750, -0.444500, 0.300000, 2.000000, SAFE, 46714.879255, 25622.640625, 1, 1750
-0.451500, -0.451250, 0.300000, 2.000000, SAFE, 46430.426209, 25374.109375, 1, 1731
-0.455000, -0.454750, 0.300000, 2.000000, SAFE, 46261.930304, 25264.335938, 1, 1731
-0.440250, -0.440000, 0.300000, 2.000000, SAFE, 46663.814041, 25476.605469, 1, 1750
-0.441000, -0.440750, 0.300000, 2.000000, SAFE, 46533.509919, 25604.394531, 1, 1750
-0.451000, -0.450750, 0.300000, 2.000000, SAFE, 46985.974590, 25089.673828, 1, 1731
-0.452500, -0.452250, 0.300000, 2.000000, SAFE, 46272.463448, 25305.609375, 1, 1731
-0.450500, -0.450250, 0.300000, 2.000000, SAFE, 46134.463219, 25314.744141, 1, 1731
-0.447500, -0.447250, 0.300000, 2.000000, SAFE, 46641.123894, 25456.160156, 2, 1751
-0.443500, -0.443250, 0.300000, 2.000000, SAFE, 46364.877947, 25320.367188, 1, 1750
-0.447250, -0.447000, 0.300000, 2.000000, SAFE, 46762.905644, 25509.730469, 1, 1750
-0.443750, -0.443500, 0.300000, 2.000000, SAFE, 46540.034347, 25421.470703, 1, 1750
-0.449750, -0.449500, 0.300000, 2.000000, SAFE, 46254.428190, 25243.632812, 1, 1731
-0.447750, -0.447500, 0.300000, 2.000000, SAFE, 46318.535368, 25298.525391, 2, 1751
-0.450250, -0.450000, 0.300000, 2.000000, SAFE, 46331.384809, 25269.820312, 1, 1731
-0.442250, -0.442000, 0.300000, 2.000000, SAFE, 46657.548320, 25295.636719, 1, 1750
-0.442000, -0.441750, 0.300000, 2.000000, SAFE, 46357.785544, 25264.037109, 1, 1750
-0.450000, -0.449750, 0.300000, 2.000000, SAFE, 46359.297853, 25313.751953, 1, 1731
-0.444250, -0.444000, 0.300000, 2.000000, SAFE, 46481.732879, 25479.535156, 1, 1750
-0.442500, -0.442250, 0.300000, 2.000000, SAFE, 46395.581314, 25341.306641, 1, 1750
-0.448000, -0.447750, 0.300000, 2.000000, SAFE, 46669.702106, 25405.558594, 2, 1751
-0.453750, -0.453500, 0.300000, 2.000000, SAFE, 46614.200122, 25447.779297, 1, 1731
-0.440500, -0.440250, 0.300000, 2.000000, SAFE, 46220.609585, 25228.583984, 1, 1750
-0.446750, -0.446500, 0.300000, 2.000000, SAFE, 46923.268813, 25790.103516, 1, 1750
-0.453000, -0.452750, 0.300000, 2.000000, SAFE, 46285.711452, 25211.097656, 1, 1731
-0.442750, -0.442500, 0.300000, 2.000000, SAFE, 46353.304501, 25299.496094, 1, 1750
-0.441750, -0.441500, 0.300000, 2.000000, SAFE, 46706.352369, 25555.875000, 1, 1750
-0.454250, -0.454000, 0.300000, 2.000000, SAFE, 46448.788818, 25411.347656, 1, 1731
-0.443250, -0.443000, 0.300000, 2.000000, SAFE, 46363.578624, 25398.640625, 1, 1750
-0.441250, -0.441000, 0.300000, 2.000000, SAFE, 46451.280109, 25452.388672, 1, 1750
-0.452250, -0.452000, 0.300000, 2.000000, SAFE, 46393.712222, 25437.500000, 1, 1731
-0.408250, -0.408000, 0.300000, 2.000000, SAFE, 31187.230877, 16161.167969, 1, 1807
-0.405500, -0.405250, 0.300000, 2.000000, SAFE, 30528.270360, 15754.222656, 1, 1769
-0.404250, -0.404000, 0.300000, 2.000000, SAFE, 29778.157486, 15481.290039, 1, 1750
-0.408000, -0.407750, 0.300000, 2.000000, SAFE, 43198.874662, 22230.191406, 2, 2663
-0.404500, -0.404250, 0.300000, 2.000000, SAFE, 29964.350052, 15604.533203, 1, 1750
-0.407250, -0.407000, 0.300000, 2.000000, SAFE, 30538.404180, 15881.262695, 1, 1788
-0.409750, -0.409500, 0.300000, 2.000000, SAFE, 40986.982215, 21726.027344, 1, 1845
-0.403000, -0.402750, 0.300000, 2.000000, SAFE, 29560.774015, 15405.585938, 1, 1731
-0.409000, -0.408750, 0.300000, 2.000000, SAFE, 40850.003690, 21705.740234, 1, 1845
-0.410000, -0.409750, 0.300000, 2.000000, SAFE, 40946.643459, 21767.798828, 1, 1845
-0.402750, -0.402500, 0.300000, 2.000000, SAFE, 29368.503560, 15264.549805, 1, 1731
-0.409500, -0.409250, 0.300000, 2.000000, SAFE, 40909.494613, 21727.822266, 1, 1845
-0.402250, -0.402000, 0.300000, 2.000000, SAFE, 29426.176764, 15269.702148, 1, 1731
-0.403750, -0.403500, 0.300000, 2.000000, SAFE, 29871.282529, 15536.321289, 1, 1750
-0.404750, -0.404500, 0.300000, 2.000000, SAFE, 29894.423863, 15535.261719, 1, 1750
-0.402500, -0.402250, 0.300000, 2.000000, SAFE, 29283.848068, 15204.583984, 1, 1731
-0.406750, -0.406500, 0.300000, 2.000000, SAFE, 42697.193513, 21848.695312, 2, 2644
-0.401250, -0.401000, 0.300000, 2.000000, SAFE, 29306.497758, 15221.265625, 1, 1731
-0.408750, -0.408500, 0.300000, 2.000000, SAFE, 64501.203223, 33115.800781, 3, 3557
-0.401750, -0.401500, 0.300000, 2.000000, SAFE, 29372.267401, 15251.337891, 1, 1731
-0.407000, -0.406750, 0.300000, 2.000000, SAFE, 30731.538495, 15941.962891, 1, 1788
-0.401500, -0.401250, 0.300000, 2.000000, SAFE, 29258.656635, 15182.447266, 1, 1731
-0.405750, -0.405500, 0.300000, 2.000000, SAFE, 30413.486002, 15678.543945, 1, 1769
-0.409250, -0.409000, 0.300000, 2.000000, SAFE, 40909.277493, 21684.279297, 1, 1845
-0.405000, -0.404750, 0.300000, 2.000000, SAFE, 30855.144192, 15689.479492, 1, 1750
-0.400500, -0.400250, 0.300000, 2.000000, SAFE, 41337.525949, 21151.193359, 2, 2587
-0.400250, -0.400000, 0.300000, 2.000000, SAFE, 28952.859011, 15025.211914, 1, 1712
-0.407750, -0.407500, 0.300000, 2.000000, SAFE, 43079.943552, 22036.322266, 2, 2663
-0.402000, -0.401750, 0.300000, 2.000000, SAFE, 29339.832219, 15227.541016, 1, 1731
-0.403500, -0.403250, 0.300000, 2.000000, SAFE, 29818.887066, 15447.882812, 1, 1750
-0.401000, -0.400750, 0.300000, 2.000000, SAFE, 29294.122990, 15188.943359, 1, 1731
-0.405250, -0.405000, 0.300000, 2.000000, SAFE, 42291.842068, 21652.275391, 2, 2625
-0.406000, -0.405750, 0.300000, 2.000000, SAFE, 30333.188214, 15698.181641, 1, 1769
-0.404000, -0.403750, 0.300000, 2.000000, SAFE, 29749.946945, 15433.758789, 1, 1750
-0.406250, -0.406000, 0.300000, 2.000000, SAFE, 30307.643041, 15739.017578, 1, 1769
-0.403250, -0.403000, 0.300000, 2.000000, SAFE, 41786.862508, 21385.365234, 2, 2606
-0.408500, -0.408250, 0.300000, 2.000000, SAFE, 43757.067268, 22493.382812, 2, 2682
-0.400750, -0.400500, 0.300000, 2.000000, SAFE, 29551.555775, 15332.890625, 1, 1731
-0.406500, -0.406250, 0.300000, 2.000000, SAFE, 30198.276185, 15685.169922, 1, 1769
-0.407500, -0.407250, 0.300000, 2.000000, SAFE, 30626.519593, 15895.379883, 1, 1788
-0.420500, -0.420250, 0.300000, 2.000000, SAFE, 47985.560480, 26373.205078, 1, 1807
-0.414500, -0.414250, 0.300000, 2.000000, SAFE, 49777.501701, 27062.126953, 1, 1826
-0.416500, -0.416250, 0.300000, 2.000000, SAFE, 49612.613606, 26907.640625, 1, 1807
-0.424500, -0.424250, 0.300000, 2.000000, SAFE, 47691.895187, 26070.470703, 1, 1788
-0.416750, -0.416500, 0.300000, 2.000000, SAFE, 49357.617341, 26848.552734, 1, 1807
-0.421750, -0.421500, 0.300000, 2.000000, SAFE, 47652.357187, 25978.023438, 1, 1788
-0.412000, -0.411750, 0.300000, 2.000000, SAFE, 49799.002408, 27096.953125, 1, 1826
-0.410250, -0.410000, 0.300000, 2.000000, SAFE, 50192.117445, 27220.230469, 1, 1845
-0.419250, -0.419000, 0.300000, 2.000000, SAFE, 48594.502097, 26999.123047, 1, 1807
-0.415750, -0.415500, 0.300000, 2.000000, SAFE, 49969.159561, 27168.349609, 2, 1827
-0.411250, -0.411000, 0.300000, 2.000000, SAFE, 50482.213892, 27263.605469, 2, 1846
-0.411750, -0.411500, 0.300000, 2.000000, SAFE, 49882.243098, 27045.886719, 1, 1826
-0.423000, -0.422750, 0.300000, 2.000000, SAFE, 47392.223107, 26035.947266, 1, 1788
-0.424750, -0.424500, 0.300000, 2.000000, SAFE, 47786.269179, 26142.429688, 1, 1788
-0.417500, -0.417250, 0.300000, 2.000000, SAFE, 48238.043368, 26514.826172, 1, 1807
-0.411500, -0.411250, 0.300000, 2.000000, SAFE, 50372.571958, 27236.181641, 2, 1846
-0.413750, -0.413500, 0.300000, 2.000000, SAFE, 50044.968057, 27045.119141, 1, 1826
-0.422250, -0.422000, 0.300000, 2.000000, SAFE, 47717.902191, 26107.091797, 1, 1788
-0.410750, -0.410500, 0.300000, 2.000000, SAFE, 50492.770169, 27337.601562, 1, 1845
-0.415500, -0.415250, 0.300000, 2.000000, SAFE, 50078.836161, 26945.392578, 1, 1826
-0.416000, -0.415750, 0.300000, 2.000000, SAFE, 50020.222624, 27163.919922, 2, 1827
-0.414000, -0.413750, 0.300000, 2.000000, SAFE, 49644.304263, 27036.777344, 1, 1826
-0.424000, -0.423750, 0.300000, 2.000000, SAFE, 47822.306013, 26178.462891, 1, 1788
-0.412250, -0.412000, 0.300000, 2.000000, SAFE, 49907.983597, 27123.099609, 1, 1826
-0.425000, -0.424750, 0.300000, 2.000000, SAFE, 47957.139288, 26282.445312, 1, 1788
-0.418750, -0.418500, 0.300000, 2.000000, SAFE, 48156.108094, 26265.960938, 1, 1807
-0.417750, -0.417500, 0.300000, 2.000000, SAFE, 48131.806652, 26277.072266, 1, 1807
-0.418500, -0.418250, 0.300000, 2.000000, SAFE, 48327.123670, 26480.566406, 1, 1807
-0.414250, -0.414000, 0.300000, 2.000000, SAFE, 49999.882480, 27068.378906, 1, 1826
-0.420750, -0.420500, 0.300000, 2.000000, SAFE, 48264.765950, 26577.611328, 1, 1807
-0.419750, -0.419500, 0.300000, 2.000000, SAFE, 48289.520709, 26547.472656, 1, 1807
-0.421250, -0.421000, 0.300000, 2.000000, SAFE, 48178.624841, 26379.486328, 2, 1808
-0.416250, -0.416000, 0.300000, 2.000000, SAFE, 49481.723368, 26792.406250, 1, 1807
-0.420000, -0.419750, 0.300000, 2.000000, SAFE, 48159.205161, 26493.324219, 1, 1807
-0.423500, -0.423250, 0.300000, 2.000000, SAFE, 47618.849196, 26033.285156, 1, 1788
-0.415250, -0.415000, 0.300000, 2.000000, SAFE, 49739.283821, 27000.068359, 1, 1826
-0.413250, -0.413000, 0.300000, 2.000000, SAFE, 49527.444655, 26874.542969, 1, 1826
-0.422500, -0.422250, 0.300000, 2.000000, SAFE, 47734.980599, 25995.386719, 1, 1788
-0.412750, -0.412500, 0.300000, 2.000000, SAFE, 49853.230299, 27148.769531, 1, 1826
-0.420250, -0.420000, 0.300000, 2.000000, SAFE, 48087.286346, 26523.820312, 1, 1807
-0.412500, -0.412250, 0.300000, 2.000000, SAFE, 49893.866895, 27251.583984, 1, 1826
-0.415000, -0.414750, 0.300000, 2.000000, SAFE, 49899.679218, 27147.380859, 1, 1826
-0.421500, -0.421250, 0.300000, 2.000000, SAFE, 48353.677765, 26407.218750, 2, 1808
-0.423750, -0.423500, 0.300000, 2.000000, SAFE, 47715.019515, 26219.095703, 1, 1788
-0.422000, -0.421750, 0.300000, 2.000000, SAFE, 47704.375976, 26140.892578, 1, 1788
-0.413500, -0.413250, 0.300000, 2.000000, SAFE, 49796.793137, 27013.892578, 1, 1826
-0.419500, -0.419250, 0.300000, 2.000000, SAFE, 48066.578265, 26365.828125, 1, 1807
-0.413000, -0.412750, 0.300000, 2.000000, SAFE, 49955.901199, 27046.048828, 1, 1826
-0.418000, -0.417750, 0.300000, 2.000000, SAFE, 48329.611967, 26574.488281, 1, 1807
-0.410500, -0.410250, 0.300000, 2.000000, SAFE, 50323.334565, 27165.693359, 1, 1845
-0.417250, -0.417000, 0.300000, 2.000000, SAFE, 49883.984182, 26973.900391, 1, 1807
-0.422750, -0.422500, 0.300000, 2.000000, SAFE, 47751.934434, 26188.566406, 1, 1788
-0.418250, -0.418000, 0.300000, 2.000000, SAFE, 48023.475124, 26346.474609, 1, 1807
-0.414750, -0.414500, 0.300000, 2.000000, SAFE, 49679.181591, 26894.773438, 1, 1826
-0.417000, -0.416750, 0.300000, 2.000000, SAFE, 49414.286510, 26743.287109, 1, 1807
-0.424250, -0.424000, 0.300000, 2.000000, SAFE, 47570.839291, 26164.318359, 1, 1788
-0.419000, -0.418750, 0.300000, 2.000000, SAFE, 48130.743597, 26381.351562, 1, 1807
-0.423250, -0.423000, 0.300000, 2.000000, SAFE, 47864.264288, 26177.761719, 1, 1788
-0.411000, -0.410750, 0.300000, 2.000000, SAFE, 50434.921781, 27257.039062, 1, 1845
-0.421000, -0.420750, 0.300000, 2.000000, SAFE, 48353.760054, 26431.992188, 1, 1807
-0.426500, -0.426250, 0.300000, 2.000000, SAFE, 47535.850172, 26031.728516, 1, 1788
-0.427000, -0.426750, 0.300000, 2.000000, SAFE, 47757.834364, 26131.460938, 1, 1788
-0.435750, -0.435500, 0.300000, 2.000000, SAFE, 47073.093442, 25802.517578, 1, 1769
-0.431500, -0.431250, 0.300000, 2.000000, SAFE, 46719.371577, 25508.416016, 1, 1769
-0.428750, -0.428500, 0.300000, 2.000000, SAFE, 47201.752579, 25813.001953, 1, 1769
-0.428000, -0.427750, 0.300000, 2.000000, SAFE, 47529.122816, 25891.869141, 2, 1789
-0.433750, -0.433500, 0.300000, 2.000000, SAFE, 46872.578462, 25678.064453, 1, 1769
-0.438000, -0.437750, 0.300000, 2.000000, SAFE, 46928.800000, 25803.863281, 1, 1750
-0.431000, -0.430750, 0.300000, 2.000000, SAFE, 46959.212307, 25758.259766, 1, 1769
-0.434750, -0.434500, 0.300000, 2.000000, SAFE, 47119.715760, 25893.828125, 1, 1769
-0.435500, -0.435250, 0.300000, 2.000000, SAFE, 47234.506412, 25734.140625, 1, 1769
-0.433000, -0.432750, 0.300000, 2.000000, SAFE, 47080.814281, 25897.109375, 1, 1769
-0.439500, -0.439250, 0.300000, 2.000000, SAFE, 46444.270310, 25385.910156, 1, 1750
-0.432000, -0.431750, 0.300000, 2.000000, SAFE, 47054.225653, 25752.341797, 1, 1769
-0.429250, -0.429000, 0.300000, 2.000000, SAFE, 47059.190497, 25782.144531, 1, 1769
-0.427250, -0.427000, 0.300000, 2.000000, SAFE, 47403.639973, 25858.949219, 1, 1788
-0.427750, -0.427500, 0.300000, 2.000000, SAFE, 47606.806464, 26058.068359, 1, 1788
-0.434500, -0.434250, 0.300000, 2.000000, SAFE, 47104.043551, 25664.324219, 1, 1769
-0.433500, -0.433250, 0.300000, 2.000000, SAFE, 47043.402980, 25781.287109, 1, 1769
-0.440000, -0.439750, 0.300000, 2.000000, SAFE, 46404.989743, 25383.529297, 1, 1750
-0.433250, -0.433000, 0.300000, 2.000000, SAFE, 48452.208531, 25462.023438, 1, 1769
-0.429750, -0.429500, 0.300000, 2.000000, SAFE, 47330.643674, 25895.820312, 1, 1769
-0.431250, -0.431000, 0.300000, 2.000000, SAFE, 46934.402724, 25798.667969, 1, 1769
-0.431750, -0.431500, 0.300000, 2.000000, SAFE, 47102.543179, 25688.609375, 1, 1769
-0.437250, -0.437000, 0.300000, 2.000000, SAFE, 46355.023640, 25270.324219, 1, 1750
-0.430750, -0.430500, 0.300000, 2.000000, SAFE, 46902.844869, 25694.851562, 1, 1769
-0.435000, -0.434750, 0.300000, 2.000000, SAFE, 46879.979345, 25458.458984, 1, 1769
-0.427500, -0.427250, 0.300000, 2.000000, SAFE, 47735.852030, 26173.921875, 1, 1788
-0.425750, -0.425500, 0.300000, 2.000000, SAFE, 47498.512275, 26012.525391, 1, 1788
-0.436250, -0.436000, 0.300000, 2.000000, SAFE, 47269.845261, 25653.123047, 2, 1770
-0.426250, -0.426000, 0.300000, 2.000000, SAFE, 47655.276811, 26135.927734, 1, 1788
-0.432500, -0.432250, 0.300000, 2.000000, SAFE, 47077.594908, 25785.037109, 1, 1769
-0.438250, -0.438000, 0.300000, 2.000000, SAFE, 46774.249775, 25518.826172, 1, 1750
-0.437750, -0.437500, 0.300000, 2.000000, SAFE, 46497.605814, 25403.828125, 1, 1750
-0.429000, -0.428750, 0.300000, 2.000000, SAFE, 46958.971954, 25687.542969, 1, 1769
-0.432750, -0.432500, 0.300000, 2.000000, SAFE, 47192.540049, 25844.199219, 1, 1769
-0.430250, -0.430000, 0.300000, 2.000000, SAFE, 47262.378814, 25867.634766, 1, 1769
-0.426750, -0.426500, 0.300000, 2.000000, SAFE, 47465.725767, 25880.021484, 1, 1788
-0.439250, -0.439000, 0.300000, 2.000000, SAFE, 46580.241412, 25554.599609, 1, 1750
-0.436500, -0.436250, 0.300000, 2.000000, SAFE, 47210.965893, 25671.634766, 2, 1770
-0.434000, -0.433750, 0.300000, 2.000000, SAFE, 47024.781220, 25875.746094, 1, 1769
-0.437500, -0.437250, 0.300000, 2.000000, SAFE, 46753.052951, 25685.777344, 1, 1750
-0.439750, -0.439500, 0.300000, 2.000000, SAFE, 46645.030340, 25556.109375, 1, 1750
-0.430500, -0.430250, 0.300000, 2.000000, SAFE, 46896.040124, 25693.931641, 1, 1769
-0.425500, -0.425250, 0.300000, 2.000000, SAFE, 47457.881854, 26023.039062, 1, 1788
-0.426000, -0.425750, 0.300000, 2.000000, SAFE, 47746.394091, 26030.548828, 1, 1788
-0.432250, -0.432000, 0.300000, 2.000000, SAFE, 47172.056339, 25783.503906, 1, 1769
-0.430000, -0.429750, 0.300000, 2.000000, SAFE, 47625.814887, 26393.445312, 1, 1769
-0.428500, -0.428250, 0.300000, 2.000000, SAFE, 46857.424170, 25668.365234, 1, 1769
-0.436000, -0.435750, 0.300000, 2.000000, SAFE, 47260.498243, 25828.742188, 1, 1769
-0.434250, -0.434000, 0.300000, 2.000000, SAFE, 47024.741660, 25715.560547, 1, 1769
-0.436750, -0.436500, 0.300000, 2.000000, SAFE, 46765.907319, 25484.300781, 1, 1750
-0.429500, -0.429250, 0.300000, 2.000000, SAFE, 47095.887615, 25776.589844, 1, 1769
-0.437000, -0.436750, 0.300000, 2.000000, SAFE, 46530.051684, 25359.261719, 1, 1750
-0.425250, -0.425000, 0.300000, 2.000000, SAFE, 47618.468374, 26184.357422, 1, 1788
-0.439000, -0.438750, 0.300000, 2.000000, SAFE, 46867.797294, 25534.421875, 1, 1750
-0.438750, -0.438500, 0.300000, 2.000000, SAFE, 46463.304328, 25491.593750, 1, 1750
-0.428250, -0.428000, 0.300000, 2.000000, SAFE, 47873.321866, 26015.457031, 2, 1789
-0.435250, -0.435000, 0.300000, 2.000000, SAFE, 47069.234039, 25842.632812, 1, 1769
-0.438500, -0.438250, 0.300000, 2.000000, SAFE, 46589.251597, 25365.824219, 1, 1750
-0.557500, -0.557250, 0.300000, 2.000000, SAFE, 49401.103152, 26945.605469, 1, 1807
-0.546750, -0.546500, 0.300000, 2.000000, SAFE, 49287.238442, 26843.546875, 2, 1789
-0.554000, -0.553750, 0.300000, 2.000000, SAFE, 49464.856607, 26899.414062, 2, 1808
-0.555750, -0.555500, 0.300000, 2.000000, SAFE, 49496.108591, 26929.880859, 1, 1807
-0.553750, -0.553500, 0.300000, 2.000000, SAFE, 49415.071328, 26954.455078, 2, 1808
-0.550750, -0.550500, 0.300000, 2.000000, SAFE, 49014.233568, 26801.373047, 1, 1788
-0.545500, -0.545250, 0.300000, 2.000000, SAFE, 48279.722607, 26388.423828, 1, 1769
-0.547500, -0.547250, 0.300000, 2.000000, SAFE, 49029.283289, 26709.617188, 1, 1788
-0.547750, -0.547500, 0.300000, 2.000000, SAFE, 48877.351910, 26735.197266, 1, 1788
-0.556500, -0.556250, 0.300000, 2.000000, SAFE, 49304.733542, 27022.164062, 1, 1807
-0.558250, -0.558000, 0.300000, 2.000000, SAFE, 49313.010527, 26951.337891, 1, 1807
-0.554250, -0.554000, 0.300000, 2.000000, SAFE, 49327.201702, 26968.013672, 2, 1808
-0.545750, -0.545500, 0.300000, 2.000000, SAFE, 48706.150590, 26460.316406, 2, 1789
-0.555250, -0.555000, 0.300000, 2.000000, SAFE, 49727.903854, 27162.359375, 1, 1807
-0.553250, -0.553000, 0.300000, 2.000000, SAFE, 49461.631919, 26763.531250, 2, 1808
-0.548000, -0.547750, 0.300000, 2.000000, SAFE, 48976.443000, 26746.427734, 1, 1788
-0.550250, -0.550000, 0.300000, 2.000000, SAFE, 48857.552945, 26608.316406, 1, 1788
-0.557750, -0.557500, 0.300000, 2.000000, SAFE, 49307.791079, 26881.021484, 1, 1807
-0.548750, -0.548500, 0.300000, 2.000000, SAFE, 49044.306818, 26603.738281, 1, 1788
-0.546500, -0.546250, 0.300000, 2.000000, SAFE, 48981.219047, 26540.923828, 2, 1789
-0.556000, -0.555750, 0.300000, 2.000000, SAFE, 49797.720997, 27048.646484, 1, 1807
-0.560000, -0.559750, 0.300000, 2.000000, SAFE, 50207.122115, 27276.789062, 2, 1827
-0.553500, -0.553250, 0.300000, 2.000000, SAFE, 49657.001819, 27045.085938, 2, 1808
-0.546250, -0.546000, 0.300000, 2.000000, SAFE, 48985.435546, 26606.031250, 2, 1789
-0.551250, -0.551000, 0.300000, 2.000000, SAFE, 48854.788513, 26583.230469, 1, 1788
-0.549750, -0.549500, 0.300000, 2.000000, SAFE, 48806.047226, 26740.666016, 1, 1788
-0.546000, -0.545750, 0.300000, 2.000000, SAFE, 49204.414805, 26790.441406, 2, 1789
-0.549250, -0.549000, 0.300000, 2.000000, SAFE, 49216.470919, 26735.835938, 1, 1788
-0.549000, -0.548750, 0.300000, 2.000000, SAFE, 49006.700783, 26749.722656, 1, 1788
-0.545250, -0.545000, 0.300000, 2.000000, SAFE, 48266.394434, 26458.935547, 1, 1769
-0.551500, -0.551250, 0.300000, 2.000000, SAFE, 48990.878794, 26781.193359, 1, 1788
-0.559250, -0.559000, 0.300000, 2.000000, SAFE, 49845.836883, 27105.193359, 2, 1827
-0.548250, -0.548000, 0.300000, 2.000000, SAFE, 49019.170709, 26689.574219, 1, 1788
-0.559500, -0.559250, 0.300000, 2.000000, SAFE, 50176.912197, 27432.599609, 2, 1827
-0.554750, -0.554500, 0.300000, 2.000000, SAFE, 49486.043126, 26939.626953, 1, 1807
-0.548500, -0.548250, 0.300000, 2.000000, SAFE, 48993.392012, 26744.373047, 1, 1788
-0.552250, -0.552000, 0.300000, 2.000000, SAFE, 48931.742913, 26774.933594, 1, 1788
-0.550500, -0.550250, 0.300000, 2.000000, SAFE, 48927.508481, 26874.765625, 1, 1788
-0.556250, -0.556000, 0.300000, 2.000000, SAFE, 49600.148242, 26953.404297, 1, 1807
-0.552000, -0.551750, 0.300000, 2.000000, SAFE, 48996.955912, 26788.222656, 1, 1788
-0.551000, -0.550750, 0.300000, 2.000000, SAFE, 48358.344056, 26449.658203, 1, 1788
-0.558000, -0.557750, 0.300000, 2.000000, SAFE, 49563.947046, 27032.927734, 1, 1807
-0.549500, -0.549250, 0.300000, 2.000000, SAFE, 49110.221330, 26805.251953, 1, 1788
-0.556750, -0.556500, 0.300000, 2.000000, SAFE, 49698.265655, 27210.689453, 1, 1807
-0.551750, -0.551500, 0.300000, 2.000000, SAFE, 49115.145752, 26721.996094, 1, 1788
-0.554500, -0.554250, 0.300000, 2.000000, SAFE, 49683.450906, 27085.041016, 2, 1808
-0.558500, -0.558250, 0.300000, 2.000000, SAFE, 49441.049827, 26950.246094, 1, 1807
-0.559000, -0.558750, 0.300000, 2.000000, SAFE, 49756.976891, 27161.916016, 1, 1807
-0.547250, -0.547000, 0.300000, 2.000000, SAFE, 48860.543802, 26613.720703, 1, 1788
-0.557000, -0.556750, 0.300000, 2.000000, SAFE, 49313.480316, 26952.412109, 1, 1807
-0.557250, -0.557000, 0.300000, 2.000000, SAFE, 49824.261773, 26988.994141, 1, 1807
-0.553000, -0.552750, 0.300000, 2.000000, SAFE, 49736.226230, 26952.771484, 2, 1808
-0.552500, -0.552250, 0.300000, 2.000000, SAFE, 48954.138535, 26749.912109, 1, 1788
-0.547000, -0.546750, 0.300000, 2.000000, SAFE, 48872.917200, 26597.968750, 1, 1788
-0.552750, -0.552500, 0.300000, 2.000000, SAFE, 49845.528835, 26658.533203, 1, 1788
-0.555500, -0.555250, 0.300000, 2.000000, SAFE, 49843.634211, 27148.744141, 1, 1807
-0.558750, -0.558500, 0.300000, 2.000000, SAFE, 49467.131340, 27109.984375, 1, 1807
-0.559750, -0.559500, 0.300000, 2.000000, SAFE, 50123.212907, 27384.814453, 2, 1827
-0.555000, -0.554750, 0.300000, 2.000000, SAFE, 49573.651393, 26970.851562, 1, 1807
-0.550000, -0.549750, 0.300000, 2.000000, SAFE, 49047.422274, 26707.882812, 1, 1788
-0.540750, -0.540500, 0.300000, 2.000000, SAFE, 48650.869894, 26469.722656, 1, 1769
-0.531750, -0.531500, 0.300000, 2.000000, SAFE, 48215.392888, 26284.822266, 1, 1750
-0.538500, -0.538250, 0.300000, 2.000000, SAFE, 48551.369736, 26494.076172, 1, 1769
-0.543750, -0.543500, 0.300000, 2.000000, SAFE, 48500.855089, 26307.076172, 1, 1769
-0.541250, -0.541000, 0.300000, 2.000000, SAFE, 48964.466281, 26623.675781, 1, 1769
-0.541000, -0.540750, 0.300000, 2.000000, SAFE, 48660.037163, 26466.199219, 1, 1769
-0.540000, -0.539750, 0.300000, 2.000000, SAFE, 48614.389796, 26577.962891, 1, 1769
-0.542000, -0.541750, 0.300000, 2.000000, SAFE, 48444.532381, 26355.769531, 1, 1769
-0.545000, -0.544750, 0.300000, 2.000000, SAFE, 48915.638412, 26613.851562, 1, 1769
-0.534750, -0.534500, 0.300000, 2.000000, SAFE, 48228.226174, 26218.658203, 1, 1750
-0.532000, -0.531750, 0.300000, 2.000000, SAFE, 47900.516479, 26064.072266, 1, 1750
-0.539500, -0.539250, 0.300000, 2.000000, SAFE, 48374.942728, 26471.966797, 1, 1769
-0.531500, -0.531250, 0.300000, 2.000000, SAFE, 48406.999127, 26218.914062, 1, 1750
-0.542750, -0.542500, 0.300000, 2.000000, SAFE, 48572.201864, 26582.785156, 1, 1769
-0.543250, -0.543000, 0.300000, 2.000000, SAFE, 48602.203646, 26492.103516, 1, 1769
-0.538750, -0.538500, 0.300000, 2.000000, SAFE, 48598.297088, 26478.798828, 1, 1769
-0.532250, -0.532000, 0.300000, 2.000000, SAFE, 48273.484651, 26329.019531, 1, 1750
-0.534250, -0.534000, 0.300000, 2.000000, SAFE, 48185.095455, 26062.939453, 1, 1750
-0.543500, -0.543250, 0.300000, 2.000000, SAFE, 48520.351611, 26303.761719, 1, 1769
-0.537000, -0.536750, 0.300000, 2.000000, SAFE, 48855.739729, 26669.726562, 2, 1770
-0.535750, -0.535500, 0.300000, 2.000000, SAFE, 48157.505084, 26288.867188, 1, 1750
-0.534500, -0.534250, 0.300000, 2.000000, SAFE, 48119.436667, 26180.580078, 1, 1750
-0.543000, -0.542750, 0.300000, 2.000000, SAFE, 48670.767052, 26373.634766, 1, 1769
-0.532750, -0.532500, 0.300000, 2.000000, SAFE, 48224.311576, 26206.390625, 1, 1750
-0.544750, -0.544500, 0.300000, 2.000000, SAFE, 48675.546678, 26428.453125, 1, 1769
-0.537500, -0.537250, 0.300000, 2.000000, SAFE, 48629.457195, 26521.029297, 2, 1770
-0.532500, -0.532250, 0.300000, 2.000000, SAFE, 48058.397390, 26258.255859, 1, 1750
-0.535000, -0.534750, 0.300000, 2.000000, SAFE, 47905.354320, 26138.966797, 1, 1750
-0.544250, -0.544000, 0.300000, 2.000000, SAFE, 48535.218462, 26449.517578, 1, 1769
-0.539000, -0.538750, 0.300000, 2.000000, SAFE, 48616.640091, 26476.503906, 1, 1769
-0.533500, -0.533250, 0.300000, 2.000000, SAFE, 48198.348368, 26278.855469, 1, 1750
-0.542250, -0.542000, 0.300000, 2.000000, SAFE, 48461.569525, 26486.708984, 1, 1769
-0.536000, -0.535750, 0.300000, 2.000000, SAFE, 47730.572395, 26073.441406, 1, 1750
-0.544500, -0.544250, 0.300000, 2.000000, SAFE, 48654.029004, 26616.503906, 1, 1769
-0.535500, -0.535250, 0.300000, 2.000000, SAFE, 48129.584101, 26363.894531, 1, 1750
-0.538000, -0.537750, 0.300000, 2.000000, SAFE, 48568.247184, 26399.669922, 1, 1769
-0.537750, -0.537500, 0.300000, 2.000000, SAFE, 48799.612815, 26548.703125, 2, 1770
-0.537250, -0.537000, 0.300000, 2.000000, SAFE, 48625.576344, 26461.582031, 2, 1770
-0.533000, -0.532750, 0.300000, 2.000000, SAFE, 48074.869038, 26287.552734, 1, 1750
-0.536500, -0.536250, 0.300000, 2.000000, SAFE, 48827.459267, 26550.933594, 2, 1770
-0.530750, -0.530500, 0.300000, 2.000000, SAFE, 48217.474926, 26184.777344, 1, 1750
-0.541750, -0.541500, 0.300000, 2.000000, SAFE, 48507.792329, 26376.996094, 1, 1769
-0.533250, -0.533000, 0.300000, 2.000000, SAFE, 48205.624735, 26261.884766, 1, 1750
-0.530250, -0.530000, 0.300000, 2.000000, SAFE, 48287.203731, 26296.773438, 1, 1750
-0.534000, -0.533750, 0.300000, 2.000000, SAFE, 48109.061187, 26242.015625, 1, 1750
-0.541500, -0.541250, 0.300000, 2.000000, SAFE, 48353.426482, 26413.437500, 1, 1769
-0.531000, -0.530750, 0.300000, 2.000000, SAFE, 47933.170186, 26246.628906, 1, 1750
-0.535250, -0.535000, 0.300000, 2.000000, SAFE, 48226.686043, 26249.802734, 1, 1750
-0.533750, -0.533500, 0.300000, 2.000000, SAFE, 48381.114352, 26395.296875, 1, 1750
-0.536750, -0.536500, 0.300000, 2.000000, SAFE, 48847.492037, 26628.185547, 2, 1770
-0.539250, -0.539000, 0.300000, 2.000000, SAFE, 48481.340986, 26435.373047, 1, 1769
-0.542500, -0.542250, 0.300000, 2.000000, SAFE, 48577.201446, 26516.861328, 1, 1769
-0.530500, -0.530250, 0.300000, 2.000000, SAFE, 48260.960903, 26283.728516, 1, 1750
-0.540500, -0.540250, 0.300000, 2.000000, SAFE, 48692.828509, 26393.835938, 1, 1769
-0.544000, -0.543750, 0.300000, 2.000000, SAFE, 48871.198114, 26718.169922, 1, 1769
-0.539750, -0.539500, 0.300000, 2.000000, SAFE, 48502.507893, 26402.671875, 1, 1769
-0.531250, -0.531000, 0.300000, 2.000000, SAFE, 48063.718804, 26372.960938, 1, 1750
-0.538250, -0.538000, 0.300000, 2.000000, SAFE, 48552.329359, 26494.964844, 1, 1769
-0.536250, -0.536000, 0.300000, 2.000000, SAFE, 48727.918172, 26386.640625, 2, 1770
-0.540250, -0.540000, 0.300000, 2.000000, SAFE, 48719.537732, 26485.216797, 1, 1769
-0.522250, -0.522000, 0.300000, 2.000000, SAFE, 47426.245428, 25814.582031, 1, 1731
-0.524750, -0.524500, 0.300000, 2.000000, SAFE, 47819.636862, 26098.166016, 2, 1751
-0.523000, -0.522750, 0.300000, 2.000000, SAFE, 47284.135167, 25688.705078, 1, 1731
-0.519750, -0.519500, 0.300000, 2.000000, SAFE, 47290.405502, 25746.273438, 1, 1731
-0.520750, -0.520500, 0.300000, 2.000000, SAFE, 47381.694461, 25905.978516, 1, 1731
-0.528500, -0.528250, 0.300000, 2.000000, SAFE, 48431.636951, 26627.162109, 1, 1750
-0.520250, -0.520000, 0.300000, 2.000000, SAFE, 47379.795626, 25837.757812, 1, 1731
-0.526250, -0.526000, 0.300000, 2.000000, SAFE, 48000.620858, 26074.236328, 1, 1750
-0.527000, -0.526750, 0.300000, 2.000000, SAFE, 48015.078658, 26191.619141, 1, 1750
-0.516000, -0.515750, 0.300000, 2.000000, SAFE, 47490.503511, 25806.857422, 1, 1731
-0.528750, -0.528500, 0.300000, 2.000000, SAFE, 47955.400320, 26225.789062, 1, 1750
-0.521500, -0.521250, 0.300000, 2.000000, SAFE, 47664.096444, 25880.738281, 1, 1731
-0.518500, -0.518250, 0.300000, 2.000000, SAFE, 47563.877886, 25984.914062, 1, 1731
-0.516750, -0.516500, 0.300000, 2.000000, SAFE, 47380.395825, 25654.037109, 1, 1731
-0.529500, -0.529250, 0.300000, 2.000000, SAFE, 48357.274439, 26392.988281, 1, 1750
-0.527250, -0.527000, 0.300000, 2.000000, SAFE, 48147.365781, 25993.398438, 1, 1750
-0.523500, -0.523250, 0.300000, 2.000000, SAFE, 47616.299282, 26001.160156, 1, 1731
-0.517500, -0.517250, 0.300000, 2.000000, SAFE, 47615.165712, 25893.789062, 1, 1731
-0.518750, -0.518500, 0.300000, 2.000000, SAFE, 47493.628429, 25761.330078, 1, 1731
-0.527750, -0.527500, 0.300000, 2.000000, SAFE, 47916.820471, 26202.458984, 1, 1750
-0.527500, -0.527250, 0.300000, 2.000000, SAFE, 48082.941351, 26160.001953, 1, 1750
-0.519000, -0.518750, 0.300000, 2.000000, SAFE, 47661.955358, 26071.832031, 1, 1731
-0.521750, -0.521500, 0.300000, 2.000000, SAFE, 47612.233421, 25892.031250, 1, 1731
-0.516500, -0.516250, 0.300000, 2.000000, SAFE, 47300.642046, 25656.562500, 1, 1731
-0.526000, -0.525750, 0.300000, 2.000000, SAFE, 47813.227945, 25988.142578, 1, 1750
-0.518250, -0.518000, 0.300000, 2.000000, SAFE, 47294.440618, 25735.835938, 1, 1731
-0.529000, -0.528750, 0.300000, 2.000000, SAFE, 48108.277913, 26290.011719, 1, 1750
-0.519500, -0.519250, 0.300000, 2.000000, SAFE, 47510.836888, 25878.806641, 1, 1731
-0.529250, -0.529000, 0.300000, 2.000000, SAFE, 48226.760655, 26249.023438, 1, 1750
-0.529750, -0.529500, 0.300000, 2.000000, SAFE, 48211.221341, 26215.511719, 1, 1750
-0.524000, -0.523750, 0.300000, 2.000000, SAFE, 48075.810154, 25978.902344, 2, 1751
-0.517250, -0.517000, 0.300000, 2.000000, SAFE, 47609.119650, 25936.140625, 1, 1731
-0.522500, -0.522250, 0.300000, 2.000000, SAFE, 47392.026769, 25710.109375, 1, 1731
-0.526500, -0.526250, 0.300000, 2.000000, SAFE, 47738.387078, 26048.958984, 1, 1750
-0.521000, -0.520750, 0.300000, 2.000000, SAFE, 47462.254193, 25694.740234, 1, 1731
-0.524500, -0.524250, 0.300000, 2.000000, SAFE, 47862.647992, 25947.109375, 2, 1751
-0.520500, -0.520250, 0.300000, 2.000000, SAFE, 47287.189322, 25755.037109, 1, 1731
-0.520000, -0.519750, 0.300000, 2.000000, SAFE, 47555.089564, 25923.099609, 1, 1731
-0.528000, -0.527750, 0.300000, 2.000000, SAFE, 48290.555977, 26418.666016, 1, 1750
-0.516250, -0.516000, 0.300000, 2.000000, SAFE, 47426.800142, 25764.167969, 1, 1731
-0.530000, -0.529750, 0.300000, 2.000000, SAFE, 48244.658095, 26243.960938, 1, 1750
-0.515750, -0.515500, 0.300000, 2.000000, SAFE, 47336.381575, 25810.302734, 1, 1731
-0.525500, -0.525250, 0.300000, 2.000000, SAFE, 47824.614062, 26066.751953, 1, 1750
-0.517750, -0.517500, 0.300000, 2.000000, SAFE, 47413.612093, 25756.255859, 1, 1731
-0.522750, -0.522500, 0.300000, 2.000000, SAFE, 47503.841730, 25939.074219, 1, 1731
-0.521250, -0.521000, 0.300000, 2.000000, SAFE, 47431.793788, 25880.636719, 1, 1731
-0.526750, -0.526500, 0.300000, 2.000000, SAFE, 47833.764717, 26112.423828, 1, 1750
-0.518000, -0.517750, 0.300000, 2.000000, SAFE, 47335.883697, 25747.589844, 1, 1731
-0.525750, -0.525500, 0.300000, 2.000000, SAFE, 47990.948194, 26196.806641, 1, 1750
-0.515250, -0.515000, 0.300000, 2.000000, SAFE, 47688.728378, 25775.957031, 1, 1731
-0.524250, -0.524000, 0.300000, 2.000000, SAFE, 47890.508366, 25941.195312, 2, 1751
-0.517000, -0.516750, 0.300000, 2.000000, SAFE, 47298.182681, 25653.693359, 1, 1731
-0.523250, -0.523000, 0.300000, 2.000000, SAFE, 47771.004682, 25941.822266, 1, 1731
-0.525250, -0.525000, 0.300000, 2.000000, SAFE, 48169.246542, 26261.074219, 1, 1750
-0.515500, -0.515250, 0.300000, 2.000000, SAFE, 47556.329621, 25794.972656, 1, 1731
-0.528250, -0.528000, 0.300000, 2.000000, SAFE, 48022.219443, 26117.109375, 1, 1750
-0.522000, -0.521750, 0.300000, 2.000000, SAFE, 47607.914006, 26007.888672, 1, 1731
-0.523750, -0.523500, 0.300000, 2.000000, SAFE, 48060.636170, 26199.968750, 2, 1751
-0.519250, -0.519000, 0.300000, 2.000000, SAFE, 47556.741065, 25826.929688, 1, 1731
-0.525000, -0.524750, 0.300000, 2.000000, SAFE, 48022.202394, 26096.763672, 2, 1751
-0.573750, -0.573500, 0.300000, 2.000000, SAFE, 55523.107876, 30457.542969, 2, 1884
-0.561750, -0.561500, 0.300000, 2.000000, SAFE, 53556.835650, 29138.798828, 1, 1826
-0.573500, -0.573250, 0.300000, 2.000000, SAFE, 55132.013442, 29933.554688, 2, 1884
-0.573250, -0.573000, 0.300000, 2.000000, SAFE, 55039.886903, 29951.705078, 2, 1884
-0.568750, -0.568500, 0.300000, 2.000000, SAFE, 54730.225934, 29773.279297, 2, 1865
-0.565500, -0.565250, 0.300000, 2.000000, SAFE, 53891.070153, 29436.361328, 2, 1846
-0.572500, -0.572250, 0.300000, 2.000000, SAFE, 55461.877261, 30042.777344, 2, 1884
-0.571000, -0.570750, 0.300000, 2.000000, SAFE, 54903.808001, 29914.062500, 1, 1864
-0.564250, -0.564000, 0.300000, 2.000000, SAFE, 54105.822323, 29510.570312, 2, 1846
-0.567750, -0.567500, 0.300000, 2.000000, SAFE, 54324.190440, 29519.673828, 1, 1845
-0.568250, -0.568000, 0.300000, 2.000000, SAFE, 54301.287374, 29429.783203, 1, 1845
-0.566000, -0.565750, 0.300000, 2.000000, SAFE, 53763.796226, 29521.537109, 1, 1845
-0.562250, -0.562000, 0.300000, 2.000000, SAFE, 53360.813455, 29135.697266, 1, 1826
-0.573000, -0.572750, 0.300000, 2.000000, SAFE, 55331.701264, 30203.595703, 2, 1884
-0.563250, -0.563000, 0.300000, 2.000000, SAFE, 53430.131194, 29139.001953, 1, 1826
-0.571750, -0.571500, 0.300000, 2.000000, SAFE, 54483.754818, 29665.248047, 1, 1864
-0.572000, -0.571750, 0.300000, 2.000000, SAFE, 54808.557268, 29912.242188, 2, 1884
-0.569000, -0.568750, 0.300000, 2.000000, SAFE, 54681.709629, 29812.259766, 2, 1865
-0.574000, -0.573750, 0.300000, 2.000000, SAFE, 55241.870436, 30011.402344, 2, 1884
-0.563000, -0.562750, 0.300000, 2.000000, SAFE, 53582.051400, 29330.093750, 1, 1826
-0.570750, -0.570500, 0.300000, 2.000000, SAFE, 54727.242811, 29926.921875, 1, 1864
-0.569250, -0.569000, 0.300000, 2.000000, SAFE, 54752.406224, 29888.873047, 2, 1865
-0.560500, -0.560250, 0.300000, 2.000000, SAFE, 53508.897430, 29192.800781, 2, 1827
-0.565750, -0.565500, 0.300000, 2.000000, SAFE, 53953.634917, 29388.175781, 2, 1846
-0.574750, -0.574500, 0.300000, 2.000000, SAFE, 55138.250911, 30276.496094, 1, 1883
-0.572750, -0.572500, 0.300000, 2.000000, SAFE, 55532.094654, 30201.867188, 2, 1884
-0.568500, -0.568250, 0.300000, 2.000000, SAFE, 54669.402441, 29792.746094, 2, 1865
-0.575000, -0.574750, 0.300000, 2.000000, SAFE, 55291.534052, 30131.849609, 1, 1883
-0.567000, -0.566750, 0.300000, 2.000000, SAFE, 54062.531761, 29498.511719, 1, 1845
-0.563750, -0.563500, 0.300000, 2.000000, SAFE, 53275.122458, 28975.160156, 1, 1826
-0.574250, -0.574000, 0.300000, 2.000000, SAFE, 55097.371024, 30042.531250, 2, 1884
-0.562750, -0.562500, 0.300000, 2.000000, SAFE, 53861.552566, 29258.470703, 1, 1826
-0.571500, -0.571250, 0.300000, 2.000000, SAFE, 54574.551780, 29842.414062, 1, 1864
-0.561500, -0.561250, 0.300000, 2.000000, SAFE, 53302.059500, 29019.363281, 1, 1826
-0.570000, -0.569750, 0.300000, 2.000000, SAFE, 54635.258067, 29873.328125, 2, 1865
-0.571250, -0.571000, 0.300000, 2.000000, SAFE, 54712.609026, 29823.605469, 1, 1864
-0.570500, -0.570250, 0.300000, 2.000000, SAFE, 54706.958673, 29823.636719, 1, 1864
-0.565000, -0.564750, 0.300000, 2.000000, SAFE, 54071.221067, 29506.388672, 2, 1846
-0.568000, -0.567750, 0.300000, 2.000000, SAFE, 54191.515966, 29409.332031, 1, 1845
-0.560750, -0.560500, 0.300000, 2.000000, SAFE, 53725.924358, 29353.837891, 2, 1827
-0.574500, -0.574250, 0.300000, 2.000000, SAFE, 55216.445454, 30070.771484, 1, 1883
-0.567250, -0.567000, 0.300000, 2.000000, SAFE, 54200.124511, 29628.130859, 1, 1845
-0.565250, -0.565000, 0.300000, 2.000000, SAFE, 53976.216753, 29298.957031, 2, 1846
-0.562000, -0.561750, 0.300000, 2.000000, SAFE, 53612.216944, 29199.304688, 1, 1826
-0.569500, -0.569250, 0.300000, 2.000000, SAFE, 54871.431388, 29813.224609, 2, 1865
-0.563500, -0.563250, 0.300000, 2.000000, SAFE, 53393.129057, 28939.408203, 1, 1826
-0.561250, -0.561000, 0.300000, 2.000000, SAFE, 53483.127318, 29276.978516, 1, 1826
-0.566500, -0.566250, 0.300000, 2.000000, SAFE, 53971.744376, 29399.962891, 1, 1845
-0.560250, -0.560000, 0.300000, 2.000000, SAFE, 53669.149700, 29277.103516, 2, 1827
-0.561000, -0.560750, 0.300000, 2.000000, SAFE, 53456.282966, 29200.992188, 1, 1826
-0.566750, -0.566500, 0.300000, 2.000000, SAFE, 54490.524704, 29838.291016, 1, 1845
-0.566250, -0.566000, 0.300000, 2.000000, SAFE, 53904.947565, 29435.968750, 1, 1845
-0.572250, -0.572000, 0.300000, 2.000000, SAFE, 55103.572987, 30117.806641, 2, 1884
-0.569750, -0.569500, 0.300000, 2.000000, SAFE, 54708.397637, 29804.234375, 2, 1865
-0.564750, -0.564500, 0.300000, 2.000000, SAFE, 54351.622620, 29613.433594, 2, 1846
-0.564000, -0.563750, 0.300000, 2.000000, SAFE, 53496.870413, 29022.849609, 1, 1826
-0.564500, -0.564250, 0.300000, 2.000000, SAFE, 53818.264783, 29327.742188, 2, 1846
-0.567500, -0.567250, 0.300000, 2.000000, SAFE, 53901.043783, 29500.931641, 1, 1845
-0.562500, -0.562250, 0.300000, 2.000000, SAFE, 53964.291477, 29372.339844, 1, 1826
-0.570250, -0.570000, 0.300000, 2.000000, SAFE, 54861.581369, 29785.394531, 2, 1865
-0.503500, -0.503250, 0.300000, 2.000000, SAFE, 47093.061100, 25657.761719, 1, 1731
-0.512750, -0.512500, 0.300000, 2.000000, SAFE, 47212.918477, 25639.734375, 1, 1731
-0.501500, -0.501250, 0.300000, 2.000000, SAFE, 47170.485537, 25693.289062, 1, 1731
-0.508000, -0.507750, 0.300000, 2.000000, SAFE, 47319.189814, 25829.941406, 1, 1731
-0.506750, -0.506500, 0.300000, 2.000000, SAFE, 47031.250185, 25575.275391, 1, 1731
-0.506000, -0.505750, 0.300000, 2.000000, SAFE, 47424.584693, 25887.824219, 1, 1731
-0.501750, -0.501500, 0.300000, 2.000000, SAFE, 46986.015804, 25561.955078, 1, 1731
-0.502250, -0.502000, 0.300000, 2.000000, SAFE, 47445.325158, 25900.677734, 1, 1731
-0.513500, -0.513250, 0.300000, 2.000000, SAFE, 47338.462549, 25851.320312, 1, 1731
-0.509000, -0.508750, 0.300000, 2.000000, SAFE, 47387.337552, 25796.568359, 1, 1731
-0.500750, -0.500500, 0.300000, 2.000000, SAFE, 47087.263638, 25621.201172, 1, 1731
-0.514750, -0.514500, 0.300000, 2.000000, SAFE, 47125.573571, 25563.281250, 1, 1731
-0.510000, -0.509750, 0.300000, 2.000000, SAFE, 47368.137594, 25721.318359, 1, 1731
-0.512500, -0.512250, 0.300000, 2.000000, SAFE, 47382.255383, 25768.554688, 1, 1731
-0.503250, -0.503000, 0.300000, 2.000000, SAFE, 47201.250017, 25795.925781, 1, 1731
-0.505750, -0.505500, 0.300000, 2.000000, SAFE, 47116.019291, 25719.087891, 1, 1731
-0.510750, -0.510500, 0.300000, 2.000000, SAFE, 47340.599117, 25696.232422, 1, 1731
-0.504500, -0.504250, 0.300000, 2.000000, SAFE, 47769.648536, 26043.447266, 1, 1731
-0.503750, -0.503500, 0.300000, 2.000000, SAFE, 46982.371580, 25730.890625, 1, 1731
-0.503000, -0.502750, 0.300000, 2.000000, SAFE, 47149.598333, 25683.005859, 1, 1731
-0.507250, -0.507000, 0.300000, 2.000000, SAFE, 46968.034052, 25674.513672, 1, 1731
-0.513000, -0.512750, 0.300000, 2.000000, SAFE, 47203.070920, 25805.701172, 1, 1731
-0.504250, -0.504000, 0.300000, 2.000000, SAFE, 47252.599154, 25851.085938, 1, 1731
-0.506250, -0.506000, 0.300000, 2.000000, SAFE, 47432.350740, 25895.769531, 1, 1731
-0.509500, -0.509250, 0.300000, 2.000000, SAFE, 47369.865961, 25371.734375, 1, 1731
-0.501000, -0.500750, 0.300000, 2.000000, SAFE, 47165.471895, 25653.769531, 1, 1731
-0.502500, -0.502250, 0.300000, 2.000000, SAFE, 47261.895364, 25792.726562, 1, 1731
-0.504000, -0.503750, 0.300000, 2.000000, SAFE, 47160.981576, 25723.091797, 1, 1731
-0.510500, -0.510250, 0.300000, 2.000000, SAFE, 47132.512054, 25600.609375, 1, 1731
-0.511000, -0.510750, 0.300000, 2.000000, SAFE, 47084.264043, 25621.681641, 1, 1731
-0.502000, -0.501750, 0.300000, 2.000000, SAFE, 47458.933987, 25880.251953, 1, 1731
-0.501250, -0.501000, 0.300000, 2.000000, SAFE, 47050.994881, 25664.533203, 1, 1731
-0.506500, -0.506250, 0.300000, 2.000000, SAFE, 47256.435041, 25588.306641, 1, 1731
-0.502750, -0.502500, 0.300000, 2.000000, SAFE, 47121.962724, 25536.986328, 1, 1731
-0.508750, -0.508500, 0.300000, 2.000000, SAFE, 47295.053197, 25815.230469, 1, 1731
-0.507750, -0.507500, 0.300000, 2.000000, SAFE, 47319.688463, 25658.722656, 1, 1731
-0.514250, -0.514000, 0.300000, 2.000000, SAFE, 47400.589977, 25714.046875, 1, 1731
-0.507500, -0.507250, 0.300000, 2.000000, SAFE, 47309.407660, 25743.615234, 1, 1731
-0.505000, -0.504750, 0.300000, 2.000000, SAFE, 47055.078379, 25467.710938, 1, 1731
-0.505250, -0.505000, 0.300000, 2.000000, SAFE, 46983.692320, 25698.367188, 1, 1731
-0.514000, -0.513750, 0.300000, 2.000000, SAFE, 47147.457987, 25684.628906, 1, 1731
-0.511750, -0.511500, 0.300000, 2.000000, SAFE, 47014.855054, 25606.410156, 1, 1731
-0.512000, -0.511750, 0.300000, 2.000000, SAFE, 47248.588951, 25781.255859, 1, 1731
-0.508250, -0.508000, 0.300000, 2.000000, SAFE, 47393.639643, 25686.535156, 1, 1731
-0.509250, -0.509000, 0.300000, 2.000000, SAFE, 47283.460202, 25695.851562, 1, 1731
-0.508500, -0.508250, 0.300000, 2.000000, SAFE, 47050.128813, 25501.949219, 1, 1731
-0.513250, -0.513000, 0.300000, 2.000000, SAFE, 47238.293406, 25682.697266, 1, 1731
-0.507000, -0.506750, 0.300000, 2.000000, SAFE, 47484.644526, 25836.960938, 1, 1731
-0.511500, -0.511250, 0.300000, 2.000000, SAFE, 47370.153909, 25725.695312, 1, 1731
-0.509750, -0.509500, 0.300000, 2.000000, SAFE, 47281.714588, 25679.328125, 1, 1731
-0.511250, -0.511000, 0.300000, 2.000000, SAFE, 47315.162174, 25783.386719, 1, 1731
-0.500500, -0.500250, 0.300000, 2.000000, SAFE, 46992.754774, 25747.685547, 1, 1731
-0.510250, -0.510000, 0.300000, 2.000000, SAFE, 47339.564132, 25666.224609, 1, 1731
-0.513750, -0.513500, 0.300000, 2.000000, SAFE, 47308.579947, 25635.865234, 1, 1731
-0.512250, -0.512000, 0.300000, 2.000000, SAFE, 47485.158713, 25771.505859, 1, 1731
-0.500250, -0.500000, 0.300000, 2.000000, SAFE, 47128.614606, 25594.597656, 1, 1731
-0.504750, -0.504500, 0.300000, 2.000000, SAFE, 47161.813023, 25569.339844, 1, 1731
-0.505500, -0.505250, 0.300000, 2.000000, SAFE, 47322.966118, 25803.595703, 1, 1731
-0.515000, -0.514750, 0.300000, 2.000000, SAFE, 47300.892037, 25820.775391, 1, 1731
-0.514500, -0.514250, 0.300000, 2.000000, SAFE, 47217.907321, 25720.660156, 1, 1731
-0.477750, -0.477500, 0.300000, 2.000000, SAFE, 45939.600416, 24971.007812, 1, 1712
-0.479250, -0.479000, 0.300000, 2.000000, SAFE, 45629.019149, 24942.525391, 1, 1712
-0.484750, -0.484500, 0.300000, 2.000000, SAFE, 45639.916135, 24738.496094, 1, 1712
-0.478750, -0.478500, 0.300000, 2.000000, SAFE, 45850.723583, 25016.898438, 1, 1712
-0.482000, -0.481750, 0.300000, 2.000000, SAFE, 45941.803487, 25043.863281, 1, 1712
-0.476500, -0.476250, 0.300000, 2.000000, SAFE, 45606.155578, 24860.628906, 1, 1712
-0.473750, -0.473500, 0.300000, 2.000000, SAFE, 45789.441925, 25025.011719, 1, 1712
-0.475500, -0.475250, 0.300000, 2.000000, SAFE, 45704.007253, 24828.888672, 1, 1712
-0.474250, -0.474000, 0.300000, 2.000000, SAFE, 45653.800500, 24858.082031, 1, 1712
-0.472000, -0.471750, 0.300000, 2.000000, SAFE, 45976.657631, 25007.501953, 2, 1732
-0.470500, -0.470250, 0.300000, 2.000000, SAFE, 46378.688417, 25177.656250, 2, 1732
-0.481500, -0.481250, 0.300000, 2.000000, SAFE, 45892.660767, 25132.156250, 1, 1712
-0.480250, -0.480000, 0.300000, 2.000000, SAFE, 45658.883809, 24762.550781, 1, 1712
-0.478250, -0.478000, 0.300000, 2.000000, SAFE, 45787.513160, 25007.435547, 1, 1712
-0.470750, -0.470500, 0.300000, 2.000000, SAFE, 45984.326703, 25084.531250, 2, 1732
-0.480500, -0.480250, 0.300000, 2.000000, SAFE, 45980.464657, 25094.031250, 1, 1712
-0.471750, -0.471500, 0.300000, 2.000000, SAFE, 46357.385668, 25180.902344, 2, 1732
-0.475250, -0.475000, 0.300000, 2.000000, SAFE, 45485.434637, 24732.759766, 1, 1712
-0.470250, -0.470000, 0.300000, 2.000000, SAFE, 46258.738147, 25163.476562, 2, 1732
-0.471500, -0.471250, 0.300000, 2.000000, SAFE, 46203.593577, 25126.312500, 2, 1732
-0.482250, -0.482000, 0.300000, 2.000000, SAFE, 45759.863738, 25099.644531, 1, 1712
-0.484500, -0.484250, 0.300000, 2.000000, SAFE, 45821.045127, 24883.320312, 1, 1712
-0.475750, -0.475500, 0.300000, 2.000000, SAFE, 45761.820306, 24987.074219, 1, 1712
-0.476000, -0.475750, 0.300000, 2.000000, SAFE, 45649.845142, 24982.121094, 1, 1712
-0.477500, -0.477250, 0.300000, 2.000000, SAFE, 45597.799631, 24927.652344, 1, 1712
-0.475000, -0.474750, 0.300000, 2.000000, SAFE, 45677.689492, 24903.738281, 1, 1712
-0.485000, -0.484750, 0.300000, 2.000000, SAFE, 45702.157199, 24920.253906, 1, 1712
-0.471250, -0.471000, 0.300000, 2.000000, SAFE, 46117.874090, 25150.748047, 2, 1732
-0.479750, -0.479500, 0.300000, 2.000000, SAFE, 45590.517954, 24634.953125, 1, 1712
-0.471000, -0.470750, 0.300000, 2.000000, SAFE, 46743.584973, 25307.345703, 2, 1732
-0.473250, -0.473000, 0.300000, 2.000000, SAFE, 45785.239596, 24899.337891, 1, 1712
-0.473500, -0.473250, 0.300000, 2.000000, SAFE, 45744.911909, 24934.093750, 1, 1712
-0.481250, -0.481000, 0.300000, 2.000000, SAFE, 45983.351391, 25086.265625, 1, 1712
-0.474000, -0.473750, 0.300000, 2.000000, SAFE, 45518.460413, 24832.201172, 1, 1712
-0.482750, -0.482500, 0.300000, 2.000000, SAFE, 45622.204085, 24954.533203, 1, 1712
-0.472250, -0.472000, 0.300000, 2.000000, SAFE, 46205.742588, 25089.593750, 2, 1732
-0.481750, -0.481500, 0.300000, 2.000000, SAFE, 45597.080786, 24752.898438, 1, 1712
-0.483250, -0.483000, 0.300000, 2.000000, SAFE, 45821.761521, 25041.486328, 1, 1712
-0.477250, -0.477000, 0.300000, 2.000000, SAFE, 45819.836860, 24996.416016, 1, 1712
-0.484250, -0.484000, 0.300000, 2.000000, SAFE, 45579.731270, 24956.941406, 1, 1712
-0.478500, -0.478250, 0.300000, 2.000000, SAFE, 45777.133921, 24927.576172, 1, 1712
-0.484000, -0.483750, 0.300000, 2.000000, SAFE, 45675.747457, 25010.691406, 1, 1712
-0.483000, -0.482750, 0.300000, 2.000000, SAFE, 45904.153354, 25063.625000, 1, 1712
-0.474750, -0.474500, 0.300000, 2.000000, SAFE, 45517.649331, 24738.232422, 1, 1712
-0.477000, -0.476750, 0.300000, 2.000000, SAFE, 45853.014547, 25181.126953, 1, 1712
-0.476750, -0.476500, 0.300000, 2.000000, SAFE, 45569.790560, 24892.365234, 1, 1712
-0.482500, -0.482250, 0.300000, 2.000000, SAFE, 45860.249877, 25077.023438, 1, 1712
-0.480000, -0.479750, 0.300000, 2.000000, SAFE, 45690.342714, 24904.509766, 1, 1712
-0.480750, -0.480500, 0.300000, 2.000000, SAFE, 45558.002052, 24660.339844, 1, 1712
-0.473000, -0.472750, 0.300000, 2.000000, SAFE, 45468.359187, 24811.291016, 1, 1712
-0.481000, -0.480750, 0.300000, 2.000000, SAFE, 45763.141670, 24913.958984, 1, 1712
-0.474500, -0.474250, 0.300000, 2.000000, SAFE, 45782.546889, 24845.906250, 1, 1712
-0.483750, -0.483500, 0.300000, 2.000000, SAFE, 45670.054748, 25006.830078, 1, 1712
-0.476250, -0.476000, 0.300000, 2.000000, SAFE, 45489.768511, 24866.595703, 1, 1712
-0.472500, -0.472250, 0.300000, 2.000000, SAFE, 46005.412273, 25169.992188, 2, 1732
-0.479500, -0.479250, 0.300000, 2.000000, SAFE, 45694.186086, 25011.951172, 1, 1712
-0.472750, -0.472500, 0.300000, 2.000000, SAFE, 45671.998272, 25001.666016, 1, 1712
-0.483500, -0.483250, 0.300000, 2.000000, SAFE, 45707.255967, 24945.769531, 1, 1712
-0.478000, -0.477750, 0.300000, 2.000000, SAFE, 45747.955347, 24842.796875, 1, 1712
-0.479000, -0.478750, 0.300000, 2.000000, SAFE, 45707.421372, 24897.632812, 1, 1712
-0.458750, -0.458500, 0.300000, 2.000000, SAFE, 46155.869477, 25226.320312, 1, 1731
-0.468750, -0.468500, 0.300000, 2.000000, SAFE, 46251.788151, 25230.380859, 1, 1731
-0.456250, -0.456000, 0.300000, 2.000000, SAFE, 46327.251419, 25196.779297, 1, 1731
-0.460500, -0.460250, 0.300000, 2.000000, SAFE, 46314.050948, 25255.050781, 1, 1731
-0.465250, -0.465000, 0.300000, 2.000000, SAFE, 46306.769496, 25331.861328, 1, 1731
-0.461750, -0.461500, 0.300000, 2.000000, SAFE, 46145.077170, 25182.126953, 1, 1731
-0.466750, -0.466500, 0.300000, 2.000000, SAFE, 46260.332521, 25252.052734, 1, 1731
-0.461500, -0.461250, 0.300000, 2.000000, SAFE, 46030.368552, 24972.214844, 1, 1731
-0.466500, -0.466250, 0.300000, 2.000000, SAFE, 46281.132811, 25255.226562, 1, 1731
-0.463750, -0.463500, 0.300000, 2.000000, SAFE, 46153.358475, 25217.513672, 1, 1731
-0.462250, -0.462000, 0.300000, 2.000000, SAFE, 46009.932719, 25105.101562, 1, 1731
-0.467500, -0.467250, 0.300000, 2.000000, SAFE, 46431.906303, 25298.398438, 1, 1731
-0.469500, -0.469250, 0.300000, 2.000000, SAFE, 46232.506364, 25184.044922, 1, 1731
-0.468500, -0.468250, 0.300000, 2.000000, SAFE, 46415.216486, 25302.509766, 1, 1731
-0.457750, -0.457500, 0.300000, 2.000000, SAFE, 46111.592546, 25153.458984, 1, 1731
-0.457000, -0.456750, 0.300000, 2.000000, SAFE, 46296.918407, 25237.498047, 1, 1731
-0.459250, -0.459000, 0.300000, 2.000000, SAFE, 46119.427955, 25000.085938, 1, 1731
-0.456750, -0.456500, 0.300000, 2.000000, SAFE, 46089.361803, 25056.730469, 1, 1731
-0.467250, -0.467000, 0.300000, 2.000000, SAFE, 46066.271070, 25220.962891, 1, 1731
-0.469250, -0.469000, 0.300000, 2.000000, SAFE, 46060.008242, 25150.078125, 1, 1731
-0.465750, -0.465500, 0.300000, 2.000000, SAFE, 46075.094198, 25125.371094, 1, 1731
-0.462750, -0.462500, 0.300000, 2.000000, SAFE, 46226.693487, 25265.570312, 1, 1731
-0.465000, -0.464750, 0.300000, 2.000000, SAFE, 46163.635544, 25095.408203, 1, 1731
-0.457250, -0.457000, 0.300000, 2.000000, SAFE, 46260.148970, 25152.593750, 1, 1731
-0.458000, -0.457750, 0.300000, 2.000000, SAFE, 46415.223849, 25292.722656, 1, 1731
-0.460000, -0.459750, 0.300000, 2.000000, SAFE, 46163.438412, 25246.773438, 1, 1731
-0.460750, -0.460500, 0.300000, 2.000000, SAFE, 46224.402630, 25269.615234, 1, 1731
-0.459500, -0.459250, 0.300000, 2.000000, SAFE, 46265.905912, 25177.121094, 1, 1731
-0.464250, -0.464000, 0.300000, 2.000000, SAFE, 46145.684434, 25200.298828, 1, 1731
-0.464750, -0.464500, 0.300000, 2.000000, SAFE, 46176.475693, 25196.673828, 1, 1731
-0.461250, -0.461000, 0.300000, 2.000000, SAFE, 46286.090996, 25246.203125, 1, 1731
-0.462000, -0.461750, 0.300000, 2.000000, SAFE, 46171.700773, 25286.931641, 1, 1731
-0.456000, -0.455750, 0.300000, 2.000000, SAFE, 46268.559767, 25259.923828, 1, 1731
-0.466250, -0.466000, 0.300000, 2.000000, SAFE, 45982.922250, 25147.660156, 1, 1731
-0.464000, -0.463750, 0.300000, 2.000000, SAFE, 46101.684343, 25104.917969, 1, 1731
-0.462500, -0.462250, 0.300000, 2.000000, SAFE, 46339.885666, 25206.521484, 1, 1731
-0.465500, -0.465250, 0.300000, 2.000000, SAFE, 46225.618139, 25213.253906, 1, 1731
-0.457500, -0.457250, 0.300000, 2.000000, SAFE, 46368.143412, 25423.173828, 1, 1731
-0.455250, -0.455000, 0.300000, 2.000000, SAFE, 46204.744347, 25181.574219, 1, 1731
-0.468250, -0.468000, 0.300000, 2.000000, SAFE, 46463.763372, 25322.414062, 1, 1731
-0.460250, -0.460000, 0.300000, 2.000000, SAFE, 46264.183977, 25385.621094, 1, 1731
-0.470000, -0.469750, 0.300000, 2.000000, SAFE, 46204.363192, 25216.531250, 1, 1731
-0.459750, -0.459500, 0.300000, 2.000000, SAFE, 46100.508239, 25223.521484, 1, 1731
-0.467750, -0.467500, 0.300000, 2.000000, SAFE, 46294.896353, 25451.683594, 1, 1731
-0.461000, -0.460750, 0.300000, 2.000000, SAFE, 46049.941014, 25081.988281, 1, 1731
-0.469000, -0.468750, 0.300000, 2.000000, SAFE, 46209.531226, 25197.154297, 1, 1731
-0.463500, -0.463250, 0.300000, 2.000000, SAFE, 46022.217041, 25052.300781, 1, 1731
-0.463000, -0.462750, 0.300000, 2.000000, SAFE, 46208.987970, 25073.119141, 1, 1731
-0.455750, -0.455500, 0.300000, 2.000000, SAFE, 46098.733965, 25280.843750, 1, 1731
-0.468000, -0.467750, 0.300000, 2.000000, SAFE, 46122.745221, 25181.056641, 1, 1731
-0.464500, -0.464250, 0.300000, 2.000000, SAFE, 46426.920144, 25432.453125, 1, 1731
-0.458500, -0.458250, 0.300000, 2.000000, SAFE, 46480.325413, 25389.234375, 1, 1731
-0.466000, -0.465750, 0.300000, 2.000000, SAFE, 46461.671436, 25311.341797, 1, 1731
-0.467000, -0.466750, 0.300000, 2.000000, SAFE, 46198.577892, 25249.363281, 1, 1731
-0.463250, -0.463000, 0.300000, 2.000000, SAFE, 46086.678589, 25079.765625, 1, 1731
-0.456500, -0.456250, 0.300000, 2.000000, SAFE, 46281.274309, 25157.449219, 1, 1731
-0.469750, -0.469500, 0.300000, 2.000000, SAFE, 46525.491641, 25201.355469, 1, 1731
-0.459000, -0.458750, 0.300000, 2.000000, SAFE, 46293.642976, 25257.667969, 1, 1731
-0.458250, -0.458000, 0.300000, 2.000000, SAFE, 46063.799546, 25163.505859, 1, 1731
-0.455500, -0.455250, 0.300000, 2.000000, SAFE, 46375.839269, 25379.664062, 1, 1731
-0.589750, -0.589500, 0.300000, 2.000000, NONE, , , , 
-0.587250, -0.587000, 0.300000, 2.000000, SAFE, 59468.571764, 31343.062500, 7, 2079
-0.587500, -0.587250, 0.300000, 2.000000, NONE, , , , 
-0.582250, -0.582000, 0.300000, 2.000000, SAFE, 54799.456900, 29820.357422, 3, 1961
-0.584500, -0.584250, 0.300000, 2.000000, SAFE, 55461.293482, 30066.142578, 3, 1980
-0.577750, -0.577500, 0.300000, 2.000000, SAFE, 53036.497252, 29018.271484, 1, 1902
-0.587750, -0.587500, 0.300000, 2.000000, NONE, , , , 
-0.578000, -0.577750, 0.300000, 2.000000, SAFE, 53607.146431, 29202.044922, 2, 1922
-0.580750, -0.580500, 0.300000, 2.000000, SAFE, 54415.837587, 29695.125000, 2, 1941
-0.575500, -0.575250, 0.300000, 2.000000, SAFE, 53272.047600, 29120.722656, 2, 1903
-0.581750, -0.581500, 0.300000, 2.000000, SAFE, 54574.930906, 29694.619141, 2, 1941
-0.579250, -0.579000, 0.300000, 2.000000, SAFE, 53940.977581, 29456.949219, 2, 1922
-0.575750, -0.575500, 0.300000, 2.000000, SAFE, 53348.843041, 29087.935547, 2, 1903
-0.586000, -0.585750, 0.300000, 2.000000, SAFE, 55825.952254, 30229.822266, 3, 1999
-0.585250, -0.585000, 0.300000, 2.000000, SAFE, 55436.268155, 30076.908203, 3, 1980
-0.588000, -0.587750, 0.300000, 2.000000, NONE, , , , 
-0.577500, -0.577250, 0.300000, 2.000000, SAFE, 53358.292392, 29158.699219, 2, 1903
-0.586500, -0.586250, 0.300000, 2.000000, NONE, , , , 
-0.586750, -0.586500, 0.300000, 2.000000, SAFE, 58093.454692, 31441.929688, 7, 2079
-0.588250, -0.588000, 0.300000, 2.000000, NONE, , , , 
-0.578250, -0.578000, 0.300000, 2.000000, SAFE, 53804.018507, 29504.712891, 2, 1922
-0.582000, -0.581750, 0.300000, 2.000000, SAFE, 54894.251721, 30116.460938, 2, 1941
-0.583500, -0.583250, 0.300000, 2.000000, SAFE, 54898.849528, 29878.246094, 2, 1960
-0.589500, -0.589250, 0.300000, 2.000000, NONE, , , , 
-0.577000, -0.576750, 0.300000, 2.000000, SAFE, 53139.387563, 28950.794922, 2, 1903
-0.580250, -0.580000, 0.300000, 2.000000, SAFE, 54284.279116, 29643.128906, 3, 1942
-0.576000, -0.575750, 0.300000, 2.000000, SAFE, 53288.546652, 29061.773438, 2, 1903
-0.576500, -0.576250, 0.300000, 2.000000, SAFE, 53055.036774, 28917.529297, 2, 1903
-0.584250, -0.584000, 0.300000, 2.000000, SAFE, 55301.205479, 30001.910156, 3, 1980
-0.579750, -0.579500, 0.300000, 2.000000, SAFE, 53921.496156, 29217.943359, 2, 1922
-0.585750, -0.585500, 0.300000, 2.000000, SAFE, 55676.321030, 30336.281250, 3, 1999
-0.584000, -0.583750, 0.300000, 2.000000, SAFE, 54813.071811, 29800.984375, 2, 1960
-0.589250, -0.589000, 0.300000, 2.000000, NONE, , , , 
-0.576250, -0.576000, 0.300000, 2.000000, SAFE, 53307.143775, 29002.574219, 2, 1903
-0.580000, -0.579750, 0.300000, 2.000000, SAFE, 54173.927911, 29553.664062, 2, 1922
-0.583750, -0.583500, 0.300000, 2.000000, SAFE, 54894.410888, 29996.216797, 2, 1960
-0.587000, -0.586750, 0.300000, 2.000000, NONE, , , , 
-0.577250, -0.577000, 0.300000, 2.000000, SAFE, 53123.692252, 29035.720703, 2, 1903
-0.581500, -0.581250, 0.300000, 2.000000, SAFE, 54005.252851, 29406.603516, 2, 1941
-0.581000, -0.580750, 0.300000, 2.000000, SAFE, 54117.948521, 29661.382812, 2, 1941
-0.580500, -0.580250, 0.300000, 2.000000, SAFE, 54317.535831, 29610.800781, 3, 1942
-0.576750, -0.576500, 0.300000, 2.000000, SAFE, 53163.270546, 29170.863281, 2, 1903
-0.583000, -0.582750, 0.300000, 2.000000, SAFE, 54804.456195, 29828.029297, 3, 1961
-0.575250, -0.575000, 0.300000, 2.000000, SAFE, 53161.393088, 28902.998047, 2, 1903
-0.582500, -0.582250, 0.300000, 2.000000, SAFE, 55081.982692, 29905.091797, 3, 1961
-0.578500, -0.578250, 0.300000, 2.000000, SAFE, 53874.434981, 29489.310547, 2, 1922
-0.583250, -0.583000, 0.300000, 2.000000, SAFE, 55507.456446, 30595.550781, 2, 1960
-0.589000, -0.588750, 0.300000, 2.000000, NONE, , , , 
-0.585500, -0.585250, 0.300000, 2.000000, SAFE, 55731.542853, 30386.761719, 3, 1980
-0.579500, -0.579250, 0.300000, 2.000000, SAFE, 53914.692980, 29383.843750, 2, 1922
-0.581250, -0.581000, 0.300000, 2.000000, SAFE, 54304.923536, 29743.996094, 2, 1941
-0.578750, -0.578500, 0.300000, 2.000000, SAFE, 53663.886586, 29149.982422, 2, 1922
-0.582750, -0.582500, 0.300000, 2.000000, SAFE, 55254.009915, 30183.191406, 3, 1961
-0.585000, -0.584750, 0.300000, 2.000000, SAFE, 55312.341535, 30213.537109, 3, 1980
-0.579000, -0.578750, 0.300000, 2.000000, SAFE, 53778.101097, 29394.044922, 2, 1922
-0.584750, -0.584500, 0.300000, 2.000000, SAFE, 55591.703238, 30261.240234, 3, 1980
-0.497250, -0.497000, 0.300000, 2.000000, SAFE, 46215.183075, 25024.982422, 2, 1732
-0.496500, -0.496250, 0.300000, 2.000000, SAFE, 46380.209629, 25232.138672, 2, 1732
-0.489000, -0.488750, 0.300000, 2.000000, SAFE, 45572.811757, 24852.470703, 1, 1712
-0.485250, -0.485000, 0.300000, 2.000000, SAFE, 45792.328291, 24901.005859, 1, 1712
-0.492000, -0.491750, 0.300000, 2.000000, SAFE, 45851.708246, 24936.439453, 1, 1712
-0.486500, -0.486250, 0.300000, 2.000000, SAFE, 45856.794581, 24918.714844, 1, 1712
-0.488750, -0.488500, 0.300000, 2.000000, SAFE, 45849.386803, 25019.128906, 1, 1712
-0.489750, -0.489500, 0.300000, 2.000000, SAFE, 45725.567520, 24885.041016, 1, 1712
-0.490250, -0.490000, 0.300000, 2.000000, SAFE, 45649.696236, 24812.388672, 1, 1712
-0.487250, -0.487000, 0.300000, 2.000000, SAFE, 45821.995219, 25032.044922, 1, 1712
-0.496000, -0.495750, 0.300000, 2.000000, SAFE, 46426.899456, 25177.140625, 2, 1732
-0.491750, -0.491500, 0.300000, 2.000000, SAFE, 45737.628595, 24863.240234, 1, 1712
-0.498750, -0.498500, 0.300000, 2.000000, SAFE, 46529.461960, 25263.068359, 2, 1732
-0.499000, -0.498750, 0.300000, 2.000000, SAFE, 46092.551724, 25169.166016, 2, 1732
-0.492250, -0.492000, 0.300000, 2.000000, SAFE, 45990.060087, 24984.708984, 1, 1712
-0.490500, -0.490250, 0.300000, 2.000000, SAFE, 45661.341603, 24780.111328, 1, 1712
-0.494250, -0.494000, 0.300000, 2.000000, SAFE, 45686.161041, 24901.119141, 1, 1712
-0.494750, -0.494500, 0.300000, 2.000000, SAFE, 45830.901119, 25025.837891, 1, 1712
-0.486000, -0.485750, 0.300000, 2.000000, SAFE, 45777.673630, 24963.501953, 1, 1712
-0.490750, -0.490500, 0.300000, 2.000000, SAFE, 45804.932897, 25001.050781, 1, 1712
-0.495250, -0.495000, 0.300000, 2.000000, SAFE, 45794.849900, 25005.333984, 1, 1712
-0.487500, -0.487250, 0.300000, 2.000000, SAFE, 46042.051187, 25094.480469, 1, 1712
-0.486750, -0.486500, 0.300000, 2.000000, SAFE, 45747.599066, 24814.417969, 1, 1712
-0.495750, -0.495500, 0.300000, 2.000000, SAFE, 45737.453048, 24762.238281, 1, 1712
-0.498500, -0.498250, 0.300000, 2.000000, SAFE, 46304.919327, 25106.710938, 2, 1732
-0.492750, -0.492500, 0.300000, 2.000000, SAFE, 45737.012844, 24989.417969, 1, 1712
-0.486250, -0.486000, 0.300000, 2.000000, SAFE, 45832.503095, 24981.197266, 1, 1712
-0.493250, -0.493000, 0.300000, 2.000000, SAFE, 45762.031599, 24986.462891, 1, 1712
-0.490000, -0.489750, 0.300000, 2.000000, SAFE, 46007.453618, 25036.410156, 1, 1712
-0.489500, -0.489250, 0.300000, 2.000000, SAFE, 45451.796540, 24843.582031, 1, 1712
-0.489250, -0.489000, 0.300000, 2.000000, SAFE, 45712.965041, 24756.644531, 1, 1712
-0.493000, -0.492750, 0.300000, 2.000000, SAFE, 45743.097341, 24806.277344, 1, 1712
-0.493750, -0.493500, 0.300000, 2.000000, SAFE, 45965.919442, 24992.878906, 1, 1712
-0.487750, -0.487500, 0.300000, 2.000000, SAFE, 45697.284195, 25033.826172, 1, 1712
-0.485500, -0.485250, 0.300000, 2.000000, SAFE, 45841.156206, 24911.275391, 1, 1712
-0.494500, -0.494250, 0.300000, 2.000000, SAFE, 45932.170977, 25067.257812, 1, 1712
-0.494000, -0.493750, 0.300000, 2.000000, SAFE, 45740.255240, 24901.312500, 1, 1712
-0.491250, -0.491000, 0.300000, 2.000000, SAFE, 45765.528863, 24993.759766, 1, 1712
-0.493500, -0.493250, 0.300000, 2.000000, SAFE, 45797.186828, 25039.523438, 1, 1712
-0.496750, -0.496500, 0.300000, 2.000000, SAFE, 46401.125055, 25264.962891, 2, 1732
-0.497750, -0.497500, 0.300000, 2.000000, SAFE, 46326.003997, 25228.275391, 2, 1732
-0.497500, -0.497250, 0.300000, 2.000000, SAFE, 46345.967375, 25206.542969, 2, 1732
-0.500000, -0.499750, 0.300000, 2.000000, SAFE, 46335.991471, 25099.173828, 1, 1731
-0.496250, -0.496000, 0.300000, 2.000000, SAFE, 46286.872540, 25242.978516, 2, 1732
-0.488500, -0.488250, 0.300000, 2.000000, SAFE, 45568.915871, 24875.201172, 1, 1712
-0.491500, -0.491250, 0.300000, 2.000000, SAFE, 45665.327625, 25098.767578, 1, 1712
-0.485750, -0.485500, 0.300000, 2.000000, SAFE, 45789.153753, 25063.580078, 1, 1712
-0.499500, -0.499250, 0.300000, 2.000000, SAFE, 46342.924449, 25276.083984, 2, 1732
-0.488000, -0.487750, 0.300000, 2.000000, SAFE, 45926.914809, 24995.378906, 1, 1712
-0.499250, -0.499000, 0.300000, 2.000000, SAFE, 46262.883894, 25094.748047, 2, 1732
-0.498250, -0.498000, 0.300000, 2.000000, SAFE, 46513.098761, 25458.843750, 2, 1732
-0.492500, -0.492250, 0.300000, 2.000000, SAFE, 45416.476171, 24806.742188, 1, 1712
-0.488250, -0.488000, 0.300000, 2.000000, SAFE, 45639.396626, 24876.933594, 1, 1712
-0.495500, -0.495250, 0.300000, 2.000000, SAFE, 45988.950065, 25031.691406, 1, 1712
-0.491000, -0.490750, 0.300000, 2.000000, SAFE, 45764.372241, 25052.111328, 1, 1712
-0.487000, -0.486750, 0.300000, 2.000000, SAFE, 45702.401291, 24963.953125, 1, 1712
-0.497000, -0.496750, 0.300000, 2.000000, SAFE, 46344.837103, 25047.210938, 2, 1732
-0.499750, -0.499500, 0.300000, 2.000000, SAFE, 46271.706855, 25257.029297, 2, 1732
-0.498000, -0.497750, 0.300000, 2.000000, SAFE, 46602.715162, 25304.886719, 2, 1732
-0.495000, -0.494750, 0.300000, 2.000000, SAFE, 45932.956460, 25088.259766, 1, 1712
Covered Ranges:
-0.587250, -0.587000
-0.586750, -0.586500
-0.586000, -0.400000
Uncovered Ranges:
-0.587000, -0.586750
-0.586500, -0.586000